# This table file is generated for DeePMD-kit. Original source: LAMMPS pair_write
# Distance (Angstrom) followed by energy (eV) for pairs: O-O, O-Al, O-H, Al-Al, Al-H, H-H

0.01000000 85084.67182306 137648.36467206 10789.00701857 222685.66521822 17454.34607573 1367.93591312
0.01089089 77586.47647935 125471.24640489 9850.07386575 202910.50473643 15929.36692637 1250.39944522
0.01178178 71227.93375321 115145.94047843 9053.62156794 186144.31851418 14635.90848016 1150.67506486
0.01267267 65768.60549718 106281.73722524 8369.59495101 171752.20773832 13525.13124405 1065.00584893
0.01356356 61031.22548089 98590.58129738 7775.83533753 159266.08677362 12561.02752952 990.62193676
0.01445445 56882.23156506 91855.43645025 7255.64706843 148333.27593825 11716.46705023 925.43634536
0.01534535 53219.07923225 85909.67003085 6796.21169423 138683.00129923 10970.61998287 867.84674327
0.01623624 49961.73179782 80623.22457147 6387.52425125 130103.92351398 10307.22841603 816.60248511
0.01712713 47046.80651105 75893.10520486 6021.66152414 122428.67988173 9713.41727687 770.71314441
0.01801802 44423.45731322 71636.68914703 5692.26739057 115523.01225486 9178.85801622 729.38418164
0.01890891 42050.42149624 67786.92651820 5394.18365336 109277.96837474 8695.16871095 691.97079827
0.01979980 39893.86367404 64288.83679728 5123.18053687 103604.20861181 8255.47612049 657.94424879
0.02069069 37925.77675453 61096.91040196 4875.75680835 98427.78353503 7854.09088417 626.86685588
0.02158158 36122.77896048 58173.15384847 4648.98940542 93686.95729801 7486.26316591 598.37321382
0.02247247 34465.19699358 55485.59989398 4440.41883152 89329.78662206 7147.99642179 572.15586297
0.02336336 32936.35896336 53007.15854676 4247.96077187 85312.25368918 6835.90377612 547.95424171
0.02425425 31522.04314621 50714.72130033 4069.83718830 81596.81052417 6547.09605044 525.54607328
0.02514515 30210.04392729 48588.45578985 3904.52206181 78151.23281266 6279.09359540 504.74058367
0.02603604 28989.82685722 46611.24525982 3750.69827463 74947.70903766 6029.75622399 485.37311178
0.02692693 27852.25218470 44768.23930541 3607.22305166 71962.11043557 5797.22705395 467.30078968
0.02781782 26789.35151407 43046.49094156 3473.10004260 69173.40123494 5579.88714130 450.39905279
0.02870871 25794.14604774 41434.66124762 3347.45660211 66563.15870532 5376.31856062 434.55879997
0.02959960 24860.49765208 39922.77735010 3229.52517300 64115.17988055 5185.27415275 419.68406636
0.03049049 23982.98603342 38502.03283426 3118.62793313 61815.15722900 5005.65257603 405.69010429
0.03138138 23156.80683545 37164.62215301 3014.16405745 59650.40956925 4836.47760721 392.50179098
0.03227227 22377.68661517 35903.60246346 2915.59909000 57609.65755565 4676.88087085 380.05230005
0.03316316 21641.81152339 34712.77773332 2822.45602877 55682.83535267 4526.08735243 368.28198716
0.03405405 20945.76718024 33586.60103917 2734.30781017 53860.93187056 4383.40318545 357.13745051
0.03494494 20286.48774767 32520.09180985 2650.77094291 52135.85628717 4248.20530667 346.57073513
0.03583584 19661.21259853 31508.76541431 2571.50009161 50500.32362932 4119.93265443 336.53865575
0.03672673 19067.44929237 30548.57299775 2496.18344870 48947.75700770 3998.07864800 327.00221837
0.03761762 18502.94181231 29635.84986720 2424.53876390 47472.20374442 3882.18473559 317.92612389
0.03850851 17965.64321112 28767.27104180 2356.30992495 46068.26314345 3771.83483800 309.27834069
0.03939940 17453.69196848 27939.81283394 2291.26400218 44731.02406088 3666.65054606 301.02973525
0.04029029 16965.39148506 27150.71952761 2229.18868518 43456.01075845 3566.28695531 293.15375167
0.04118118 16499.19223839 26397.47438223 2169.89005223 42239.13578560 3470.42904131 285.62613287
0.04207207 16053.67620596 25677.77432064 2113.19062311 41076.65884857 3378.78849547 278.42467722
0.04296296 15627.54322647 24989.50776657 2058.92765416 39965.15079722 3291.10095460 271.52902536
0.04385385 15219.59902353 24330.73518372 2006.95164121 38901.46200198 3207.12356814 264.92047310
0.04474474 14828.74466024 23699.67193981 1957.12500133 37882.69450890 3126.63285604 258.58180663
0.04563564 14453.96722903 23094.67317810 1909.32090896 36906.17745670 3049.42281754 252.49715705
0.04652653 14094.33161117 22514.22042697 1863.42226583 35969.44531834 2975.30325724 246.65187154
0.04741742 13748.97316537 21956.90971936 1819.32078693 35070.21859585 2904.09829989 241.03239920
0.04830831 13417.09122538 21421.44102678 1776.91618765 34206.38665162 2835.64506951 235.62618937
0.04919920 13097.94330421 20906.60884158 1736.11545929 33375.99240525 2769.79251205 230.42160108
0.05009009 12790.83991683 20411.29376429 1696.83222178 32577.21866390 2706.40034365 225.40782216
0.05098098 12495.13994587 19934.45497317 1658.98614436 31808.37588610 2645.33810927 220.57479678
0.05187187 12210.24648485 19475.12346996 1622.50242592 31067.89120686 2586.48433820 215.91316055
0.05276276 11935.60310262 19032.39600996 1587.31132801 30354.29857479 2529.72578530 211.41418209
0.05365365 11670.69048007 18605.42963698 1553.34775434 29666.22987223 2474.95674764 207.06971047
0.05454454 11415.02337643 18193.43675402 1520.55087154 29002.40690577 2422.07844832 202.87212784
0.05543544 11168.14788817 17795.68066933 1488.86376647 28361.63416930 2370.99847954 198.81430655
0.05632633 10929.63896811 17411.47156527 1458.23313602 27742.79229422 2321.63029865 194.88957041
0.05721722 10699.09817629 17040.16284391 1428.60900595 27144.83211159 2273.89277119 191.09165949
0.05810811 10476.15163787 16681.14780883 1399.94447558 26566.76926084 2227.70975604 187.41469825
0.05899900 10260.44818599 16333.85664773 1372.19548555 26007.67928714 2183.00972813 183.85316652
0.05988989 10051.65767053 15997.75368439 1345.32060642 25466.69317645 2139.72543485 180.40187299
0.06078078 9849.46941559 15672.33487245 1319.28084576 24942.99328358 2097.79358264 177.05593120
0.06167167 9653.59081070 15357.12550643 1294.03947205 24435.80961323 2057.15455078 173.81073744
0.06256256 9463.74602250 15051.67812850 1269.56185354 23944.41641905 2017.75212965 170.66195066
0.06345345 9279.67481494 14755.57061158 1245.81531078 23468.12908933 1979.53328100 167.60547400
0.06434434 9101.13146753 14468.40440186 1222.76898130 23006.30129163 1942.44791819 164.63743790
0.06523524 8927.88378227 14189.80290530 1200.39369549 22558.32235145 1906.44870442 161.75418455
0.06612613 8759.71217092 13919.41000474 1178.66186241 22123.61484303 1871.49086723 158.95225364
0.06701702 8596.40881507 13656.88869527 1157.54736479 21701.63237247 1837.53202787 156.22836924
0.06790791 8437.77689235 13401.91982713 1137.02546227 21291.85753540 1804.53204410 153.57942766
0.06879880 8283.62986286 13154.20094639 1117.07270212 20893.80003361 1772.45286511 151.00248633
0.06968969 8133.79081027 12913.44522452 1097.66683688 20506.99493616 1741.25839772 148.49475350
0.07058058 7988.09183291 12679.38046917 1078.78674818 20131.00107237 1710.91438258 146.05357869
0.07147147 7846.37348046 12451.74820898 1060.41237628 19765.39954512 1681.38827973 143.67644390
0.07236236 7708.48423216 12230.30284604 1042.52465486 19409.79235408 1652.64916256 141.36095544
0.07325325 7574.28001328 12014.81087025 1025.10545046 19063.80111957 1624.66761953 139.10483638
0.07414414 7443.62374635 11805.05013041 1008.13750642 18727.06589844 1597.41566297 136.90591954
0.07503504 7316.38493444 11600.80915726 991.60439069 18399.24408453 1570.86664442 134.76214092
0.07592593 7192.43927383 11401.88653422 975.49044743 18080.00938657 1544.99517585 132.67153373
0.07681682 7071.66829356 11208.09031201 959.78075189 17769.05087734 1519.77705646 130.63222265
0.07770771 6953.95901993 11019.23746357 944.46106844 17466.07210834 1495.18920443 128.64241867
0.07859860 6839.20366374 10835.15337606 929.51781146 17170.79028473 1471.20959341 126.70041414
0.07948949 6727.29932861 10655.67137715 914.93800880 16882.93549590 1447.81719317 124.80457823
0.08038038 6618.14773873 10480.63229275 900.70926776 16602.24999726 1424.99191429 122.95335267
0.08127127 6511.65498455 10309.88403399 886.81974328 16328.48753939 1402.71455648 121.14524777
0.08216216 6407.73128499 10143.28121098 873.25810811 16061.41274087 1380.96676019 119.37883868
0.08305305 6306.29076503 9980.68477162 860.01352506 15800.80050158 1359.73096144 117.65276194
0.08394394 6207.25124742 9821.96166331 847.07562088 15546.43545351 1338.99034944 115.96571219
0.08483483 6110.53405761 9666.98451610 834.43446188 15298.11144612 1318.72882695 114.31643915
0.08572573 6016.06384076 9515.63134560 822.08053101 15055.63106396 1298.93097307 112.70374471
0.08661662 5923.76839017 9367.78527429 810.00470636 14818.80517410 1279.58200833 111.12648030
0.08750751 5833.57848614 9223.33426983 798.19824104 14587.45250131 1260.66776197 109.58354432
0.08839840 5745.42774460 9082.17089929 786.65274419 14361.39922891 1242.17464111 108.07387979
0.08928929 5659.25247480 8944.19209811 775.36016318 14140.47862370 1224.08960185 106.59647210
0.09018018 5574.99154553 8809.29895276 764.31276687 13924.53068309 1206.40012200 105.15034698
0.09107107 5492.58625911 8677.39649619 753.50312980 13713.40180303 1189.09417554 103.73456843
0.09196196 5411.98023276 8548.39351525 742.92411736 13506.94446534 1172.16020841 102.34823694
0.09285285 5333.11928684 8422.20236919 732.56887180 13305.01694306 1155.58711582 100.99048769
0.09374374 5255.95133944 8298.73881850 722.43079900 13107.48302265 1139.36422081 99.66048895
0.09463463 5180.42630693 8177.92186351 712.50355605 12914.21174196 1123.48125399 98.35744045
0.09552553 5106.49601012 8059.67359203 702.78103945 12725.07714292 1107.92833447 97.08057197
0.09641642 5034.11408565 7943.91903542 693.25737406 12539.95803796 1092.69595182 95.82914194
0.09730731 4963.23590216 7830.58603268 683.92690256 12358.73778936 1077.77494903 94.60243610
0.09819820 4893.81848119 7719.60510184 674.78417556 12181.30410059 1063.15650638 93.39976628
0.09908909 4825.82042221 7610.90931843 665.82394218 12007.54881902 1048.83212624 92.22046921
0.09997998 4759.20183178 7504.43420040 657.04114122 11837.36774920 1034.79361858 91.06390544
0.10087087 4693.92425640 7400.11759919 648.43089270 11670.66047607 1021.03308739 89.92945825
0.10176176 4629.95061893 7297.89959654 639.98848990 11507.33019749 1007.54291764 88.81653269
0.10265265 4567.24515836 7197.72240663 631.70939182 11347.28356556 994.31576310 87.72455457
0.10354354 4505.77337262 7099.53028346 623.58921601 11190.43053617 981.34453468 86.65296966
0.10443443 4445.50196442 7003.26943276 615.62373178 11036.68422626 968.62238935 85.60124274
0.10532533 4386.39878977 6908.88792860 607.80885373 10885.96077837 956.14271975 84.56885686
0.10621622 4328.43280916 6816.33563409 600.14063564 10738.17923210 943.89914416 83.55531257
0.10710711 4271.57404115 6725.56412609 592.61526465 10593.26140191 931.88549711 82.56012712
0.10799800 4215.79351825 6636.52662368 585.22905574 10451.13176114 920.09582038 81.58283387
0.10888889 4161.06324505 6549.17792012 577.97844642 10311.71733161 908.52435443 80.62298157
0.10977978 4107.35615830 6463.47431818 570.85999180 10174.94757875 897.16553035 79.68013372
0.11067067 4054.64608899 6379.37356863 563.87035979 10040.75431179 886.01396206 78.75386802
0.11156156 4002.90772626 6296.83481156 557.00632655 9909.07158868 875.06443899 77.84377579
0.11245245 3952.11658297 6215.81852071 550.26477222 9779.83562573 864.31191908 76.94946141
0.11334334 3902.24896297 6136.28645026 543.64267677 9652.98471136 853.75152208 76.07054180
0.11423423 3853.28192986 6058.20158421 537.13711612 9528.45912405 843.37852319 75.20664597
0.11512513 3805.19327724 5981.52808814 530.74525834 9406.20105402 833.18834702 74.35741452
0.11601602 3757.96150036 5906.23126314 524.46436016 9286.15452867 823.17656178 73.52249919
0.11690691 3711.56576895 5832.27750190 518.29176350 9168.26534130 813.33887378 72.70156245
0.11779780 3665.98590148 5759.63424683 512.22489229 9052.48098323 803.67112213 71.89427710
0.11868869 3621.20234041 5688.26995002 506.26124932 8938.75057895 794.16927375 71.10032584
0.11957958 3577.19612866 5618.15403503 500.39841329 8827.02482411 784.82941852 70.31940096
0.12047047 3533.94888709 5549.25686042 494.63403600 8717.25592647 775.64776474 69.55120394
0.12136136 3491.44279298 5481.54968485 488.96583964 8609.39754925 766.62063469 68.79544510
0.12225225 3449.66055947 5415.00463370 483.39161417 8503.40475719 757.74446047 68.05184335
0.12314314 3408.58541587 5349.59466726 477.90921490 8399.23396480 749.01577999 67.32012578
0.12403403 3368.20108888 5285.29355015 472.51656010 8296.84288699 740.43123309 66.60002745
0.12492492 3328.49178452 5222.07582216 467.21162871 8196.19049173 731.98755791 65.89129105
0.12581582 3289.44217097 5159.91677036 461.99245821 8097.23695483 723.68158735 65.19366666
0.12670671 3251.03736199 5098.79240225 456.85714255 7999.94361656 715.51024571 64.50691146
0.12759760 3213.26290116 5038.67942026 451.80383010 7904.27294020 707.47054545 63.83078951
0.12848849 3176.10474673 4979.55519709 446.83072182 7810.18847223 699.55958413 63.16507151
0.12937938 3139.54925709 4921.39775227 441.93606939 7717.65480426 691.77454139 62.50953453
0.13027027 3103.58317683 4864.18572961 437.11817344 7626.63753651 684.11267618 61.86396184
0.13116116 3068.19362346 4807.89837552 432.37538193 7537.10324281 676.57132397 61.22814267
0.13205205 3033.36807455 4752.51551833 427.70608848 7449.01943698 669.14789417 60.60187204
0.13294294 2999.09435549 4698.01754838 423.10873088 7362.35454065 661.83986763 59.98495050
0.13383383 2965.36062766 4644.38539892 418.58178953 7277.07785234 654.64479420 59.37718403
0.13472472 2932.15537717 4591.60052779 414.12378609 7193.15951776 647.56029043 58.77838379
0.13561562 2899.46740394 4539.64489982 409.73328205 7110.57050138 640.58403737 58.18836598
0.13650651 2867.28581130 4488.50096993 405.40887748 7029.28255901 633.71377843 57.60695167
0.13739740 2835.59999596 4438.15166689 401.14920970 6949.26821154 626.94731729 57.03396665
0.13828829 2804.39963834 4388.58037775 396.95295210 6870.50071969 620.28251598 56.46924127
0.13917918 2773.67469337 4339.77093277 392.81881297 6792.95405976 613.71729299 55.91261027
0.14007007 2743.41538152 4291.70759108 388.74553437 6716.60290026 607.24962139 55.36391268
0.14096096 2713.61218029 4244.37502679 384.73189104 6641.42257948 600.87752714 54.82299167
0.14185185 2684.25581594 4197.75831562 380.77668940 6567.38908393 594.59908738 54.28969441
0.14274274 2655.33725556 4151.84292212 376.87876651 6494.47902758 588.41242881 53.76387193
0.14363363 2626.84769948 4106.61468729 373.03698911 6422.66963187 582.31572611 53.24537904
0.14452452 2598.77857386 4062.05981673 369.25025272 6351.93870648 576.30720049 52.73407418
0.14541542 2571.12152370 4018.16486914 365.51748070 6282.26463086 570.38511819 52.22981934
0.14630631 2543.86840597 3974.91674536 361.83762346 6213.62633633 564.54778910 51.73247990
0.14719720 2517.01128307 3932.30267773 358.20965756 6146.00328901 558.79356544 51.24192458
0.14808809 2490.54241652 3890.31021984 354.63258496 6079.37547319 553.12084043 50.75802530
0.14897898 2464.45426085 3848.92723673 351.10543222 6013.72337548 547.52804707 50.28065713
0.14986987 2438.73945773 3808.14189537 347.62724977 5949.02796939 542.01365695 49.80969812
0.15076076 2413.39083036 3767.94265547 344.19711121 5885.27070055 536.57617903 49.34502929
0.15165165 2388.40137792 3728.31826071 340.81411259 5822.43347243 531.21415860 48.88653450
0.15254254 2363.76427040 3689.25773018 337.47737177 5760.49863259 525.92617613 48.43410038
0.15343343 2339.47284344 3650.75035019 334.18602775 5699.44895939 520.71084628 47.98761624
0.15432432 2315.52059349 3612.78566633 330.93924008 5639.26764919 515.56681688 47.54697399
0.15521522 2291.90117305 3575.35347584 327.73618824 5579.93830397 510.49276795 47.11206809
0.15610611 2268.60838612 3538.44382021 324.57607107 5521.44491941 505.48741078 46.68279543
0.15699700 2245.63618377 3502.04697806 321.45810622 5463.77187338 500.54948700 46.25905532
0.15788789 2222.97865989 3466.15345827 318.38152959 5406.90391482 495.67776774 45.84074938
0.15877878 2200.63004711 3430.75399330 315.34559483 5350.82615300 490.87105277 45.42778146
0.15966967 2178.58471278 3395.83953281 312.34957281 5295.52404711 486.12816968 45.02005764
0.16056056 2156.83715517 3361.40123744 309.39275117 5240.98339632 481.44797311 44.61748610
0.16145145 2135.38199973 3327.43047281 306.47443383 5187.19033002 476.82934397 44.21997710
0.16234234 2114.21399553 3293.91880374 303.59394053 5134.13129850 472.27118870 43.82744292
0.16323323 2093.32801178 3260.85798862 300.75060638 5081.79306389 467.77243859 43.43979780
0.16412412 2072.71903450 3228.23997404 297.94378149 5030.16269143 463.33204906 43.05695786
0.16501502 2052.38216323 3196.05688951 295.17283049 4979.22754101 458.94899901 42.67884111
0.16590591 2032.31260795 3164.30104244 292.43713217 4928.97525898 454.62229017 42.30536732
0.16679680 2012.50568602 3132.96491319 289.73607909 4879.39377025 450.35094649 41.93645806
0.16768769 1992.95681924 3102.04115037 287.06907720 4830.47127063 446.13401351 41.57203655
0.16857858 1973.66153104 3071.52256624 284.43554549 4782.19621945 441.97055780 41.21202773
0.16946947 1954.61544368 3041.40213227 281.83491564 4734.55733233 437.85966638 40.85635812
0.17036036 1935.81427564 3011.67297482 279.26663165 4687.54357433 433.80044620 40.50495582
0.17125125 1917.25383901 2982.32837102 276.73014957 4641.14415317 429.79202358 40.15775048
0.17214214 1898.93003702 2953.36174471 274.22493713 4595.34851273 425.83354368 39.81467321
0.17303303 1880.83886158 2924.76666256 271.75047347 4550.14632679 421.92417008 39.47565661
0.17392392 1862.97639098 2896.53683026 269.30624881 4505.52749291 418.06308421 39.14063467
0.17481481 1845.33878764 2868.66608889 266.89176420 4461.48212651 414.24948494 38.80954278
0.17570571 1827.92229582 2841.14841135 264.50653118 4418.00055515 410.48258809 38.48231765
0.17659660 1810.72323959 2813.97789892 262.15007160 4375.07331301 406.76162604 38.15889732
0.17748749 1793.73802070 2787.14877795 259.82191725 4332.69113546 403.08584725 37.83922111
0.17837838 1776.96311663 2760.65539661 257.52160969 4290.84495390 399.45451589 37.52322957
0.17926927 1760.39507859 2734.49222174 255.24869998 4249.52589069 395.86691140 37.21086447
0.18016016 1744.03052968 2708.65383586 253.00274839 4208.72525423 392.32232816 36.90206876
0.18105105 1727.86616304 2683.13493419 250.78332425 4168.43453423 388.82007504 36.59678654
0.18194194 1711.89874010 2657.93032177 248.59000567 4128.64539710 385.35947510 36.29496306
0.18283283 1696.12508885 2633.03491077 246.42237932 4089.34968149 381.93986521 35.99654462
0.18372372 1680.54210216 2608.44371769 244.28004025 4050.53939392 378.56059570 35.70147865
0.18461461 1665.14673618 2584.15186085 242.16259166 4012.20670460 375.22103002 35.40971357
0.18550551 1649.93600878 2560.15455779 240.06964469 3974.34394336 371.92054446 35.12119885
0.18639640 1634.90699797 2536.44712284 238.00081825 3936.94359563 368.65852777 34.83588495
0.18728729 1620.05684049 2513.02496473 235.95573884 3899.99829866 365.43438091 34.55372329
0.18817818 1605.38273033 2489.88358425 233.93404031 3863.50083772 362.24751673 34.27466624
0.18906907 1590.88191735 2467.01857206 231.93536374 3827.44414255 359.09735968 33.99866710
0.18995996 1576.55170591 2444.42560642 229.95935725 3791.82128376 355.98334554 33.72568007
0.19085085 1562.38945356 2422.10045114 228.00567581 3756.62546945 352.90492113 33.45566023
0.19174174 1548.39256977 2400.03895347 226.07398110 3721.85004189 349.86154408 33.18856351
0.19263263 1534.55851468 2378.23704211 224.16394136 3687.48847427 346.85268253 32.92434671
0.19352352 1520.88479787 2356.69072529 222.27523120 3653.53436757 343.87781492 32.66296743
0.19441441 1507.36897724 2335.39608883 220.40753147 3619.98144755 340.93642972 32.40438405
0.19530531 1494.00865781 2314.34929434 218.56052914 3586.82356171 338.02802520 32.14855578
0.19619620 1480.80149063 2293.54657742 216.73391710 3554.05467649 335.15210923 31.89544255
0.19708709 1467.74517174 2272.98424590 214.92739406 3521.66887443 332.30819899 31.64500507
0.19797798 1454.83744104 2252.65867819 213.14066443 3489.66035143 329.49582084 31.39720477
0.19886887 1442.07608137 2232.56632160 211.37343815 3458.02341416 326.71451004 31.15200377
0.19975976 1429.45891743 2212.70369079 209.62543058 3426.75247743 323.96381056 30.90936494
0.20065065 1416.98381485 2193.06736615 207.89636239 3395.84206175 321.24327492 30.66925177
0.20154154 1404.64867928 2173.65399233 206.18595942 3365.28679082 318.55246394 30.43162846
0.20243243 1392.45145542 2154.46027677 204.49395258 3335.08138921 315.89094658 30.19645986
0.20332332 1380.39012616 2135.48298826 202.82007770 3305.22068006 313.25829977 29.96371142
0.20421421 1368.46271174 2116.71895554 201.16407549 3275.69958282 310.65410820 29.73334925
0.20510511 1356.66726887 2098.16506595 199.52569134 3246.51311106 308.07796416 29.50534006
0.20599600 1345.00188990 2079.81826412 197.90467530 3217.65637037 305.52946736 29.27965115
0.20688689 1333.46470208 2061.67555069 196.30078192 3189.12455628 303.00822480 29.05625041
0.20777778 1322.05386673 2043.73398101 194.71377017 3160.91295225 300.51385056 28.83510629
0.20866867 1310.76757850 2025.99066398 193.14340335 3133.01692770 298.04596569 28.61618779
0.20955956 1299.60406465 2008.44276087 191.58944898 3105.43193613 295.60419801 28.39946449
0.21045045 1288.56158431 1991.08748410 190.05167874 3078.15351324 293.18818201 28.18490648
0.21134134 1277.63842778 1973.92209618 188.52986832 3051.17727511 290.79755865 27.97248436
0.21223223 1266.83291588 1956.94390857 187.02379740 3024.49891648 288.43197529 27.76216927
0.21312312 1256.14339924 1940.15028066 185.53324952 2998.11420899 286.09108549 27.55393283
0.21401401 1245.56825771 1923.53861869 184.05801201 2972.01899954 283.77454889 27.34774715
0.21490490 1235.10589968 1907.10637473 182.59787591 2946.20920862 281.48203110 27.14358484
0.21579580 1224.75476148 1890.85104576 181.15263590 2920.68082877 279.21320357 26.94141895
0.21668669 1214.51330681 1874.77017262 179.72209020 2895.42992301 276.96774345 26.74122301
0.21757758 1204.38002613 1858.86133912 178.30604051 2870.45262332 274.74533347 26.54297099
0.21846847 1194.35343608 1843.12217115 176.90429196 2845.74512919 272.54566182 26.34663731
0.21935936 1184.43207897 1827.55033573 175.51665298 2821.30370618 270.36842208 26.15219682
0.22025025 1174.61452218 1812.14354016 174.14293527 2797.12468452 268.21331303 25.95962478
0.22114114 1164.89935771 1796.89953122 172.78295376 2773.20445775 266.08003860 25.76889687
0.22203203 1155.28520157 1781.81609428 171.43652647 2749.53948140 263.96830775 25.57998919
0.22292292 1145.77069339 1766.89105252 170.10347450 2726.12627167 261.87783435 25.39287821
0.22381381 1136.35449582 1752.12226616 168.78362197 2702.96140419 259.80833709 25.20754081
0.22470470 1127.03529413 1737.50763166 167.47679591 2680.04151279 257.75953940 25.02395425
0.22559560 1117.81179574 1723.04508100 166.18282625 2657.36328828 255.73116931 24.84209615
0.22648649 1108.68272970 1708.73258095 164.90154575 2634.92347729 253.72295939 24.66194451
0.22737738 1099.64684634 1694.56813233 163.63278992 2612.71888110 251.73464665 24.48347767
0.22826827 1090.70291677 1680.54976935 162.37639698 2590.74635458 249.76597245 24.30667436
0.22915916 1081.84973248 1666.67555890 161.13220782 2569.00280504 247.81668238 24.13151361
0.23005005 1073.08610493 1652.94359992 159.90006592 2547.48519120 245.88652626 23.95797481
0.23094094 1064.41086515 1639.35202274 158.67981730 2526.19052214 243.97525795 23.78603767
0.23183183 1055.82286334 1625.89898842 157.47131051 2505.11585629 242.08263535 23.61568226
0.23272272 1047.32096851 1612.58268819 156.27439653 2484.25830044 240.20842028 23.44688891
0.23361361 1038.90406805 1599.40134282 155.08892874 2463.61500877 238.35237841 23.27963831
0.23450450 1030.57106743 1586.35320202 153.91476287 2443.18318194 236.51427918 23.11391143
0.23539540 1022.32088981 1573.43654389 152.75175698 2422.96006610 234.69389575 22.94968956
0.23628629 1014.15247570 1560.64967435 151.59977138 2402.94295205 232.89100490 22.78695426
0.23717718 1006.06478260 1547.99092659 150.45866859 2383.12917436 231.10538695 22.62568740
0.23806807 998.05678471 1535.45866056 149.32831332 2363.51611046 229.33682575 22.46587113
0.23895896 990.12747256 1523.05126240 148.20857241 2344.10117988 227.58510854 22.30748785
0.23984985 982.27585272 1510.76714398 147.09931479 2324.88184335 225.85002592 22.15052028
0.24074074 974.50094749 1498.60474238 146.00041144 2305.85560206 224.13137179 21.99495138
0.24163163 966.80179456 1486.56251940 144.91173538 2287.01999685 222.42894327 21.84076436
0.24252252 959.17744678 1474.63896109 143.83316156 2268.37260747 220.74254065 21.68794271
0.24341341 951.62697181 1462.83257728 142.76456690 2249.91105179 219.07196733 21.53647016
0.24430430 944.14945188 1451.14190115 141.70583023 2231.63298512 217.41702975 21.38633069
0.24519520 936.74398347 1439.56548874 140.65683220 2213.53609947 215.77753734 21.23750854
0.24608609 929.40967710 1428.10191857 139.61745534 2195.61812285 214.15330247 21.08998816
0.24697698 922.14565699 1416.74979117 138.58758396 2177.87681861 212.54414038 20.94375425
0.24786787 914.95106088 1405.50772869 137.56710410 2160.30998476 210.94986914 20.79879174
0.24875876 907.82503972 1394.37437450 136.55590359 2142.91545330 209.37030960 20.65508579
0.24964965 900.76675744 1383.34839276 135.55387191 2125.69108964 207.80528531 20.51262176
0.25054054 893.77539073 1372.42846807 134.56090022 2108.63479191 206.25462250 20.37138525
0.25143143 886.85012876 1361.61330507 133.57688132 2091.74449039 204.71815003 20.23136207
0.25232232 879.99017299 1350.90162809 132.60170961 2075.01814692 203.19569932 20.09253823
0.25321321 873.19473693 1340.29218074 131.63528109 2058.45375429 201.68710431 19.95489996
0.25410410 866.46304592 1329.78372563 130.67749326 2042.04933568 200.19220144 19.81843367
0.25499499 859.79433689 1319.37504393 129.72824519 2025.80294411 198.71082957 19.68312599
0.25588589 853.18785820 1309.06493512 128.78743741 2009.71266192 197.24282995 19.54896375
0.25677678 846.64286938 1298.85221659 127.85497192 1993.77660016 195.78804617 19.41593394
0.25766767 840.15864095 1288.73572338 126.93075217 1977.99289816 194.34632416 19.28402376
0.25855856 833.73445424 1278.71430778 126.01468302 1962.35972294 192.91751206 19.15322060
0.25944945 827.36960116 1268.78683909 125.10667071 1946.87526877 191.50146026 19.02351202
0.26034034 821.06338403 1258.95220328 124.20662286 1931.53775665 190.09802135 18.89488577
0.26123123 814.81511541 1249.20930270 123.31444840 1916.34543383 188.70705004 18.76732975
0.26212212 808.62411787 1239.55705580 122.43005760 1901.29657335 187.32840314 18.64083207
0.26301301 802.48972386 1229.99439681 121.55336202 1886.38947359 185.96193955 18.51538097
0.26390390 796.41127552 1220.52027549 120.68427448 1871.62245779 184.60752020 18.39096488
0.26479479 790.38812449 1211.13365687 119.82270905 1856.99387366 183.26500799 18.26757239
0.26568569 784.41963178 1201.83352093 118.96858103 1842.50209290 181.93426783 18.14519226
0.26657658 778.50516758 1192.61886238 118.12180692 1828.14551080 180.61516650 18.02381338
0.26746747 772.64411109 1183.48869038 117.28230440 1813.92254582 179.30757272 17.90342482
0.26835836 766.83585039 1174.44202832 116.44999233 1799.83163921 178.01135705 17.78401579
0.26924925 761.07978228 1165.47791353 115.62479070 1785.87125458 176.72639189 17.66557566
0.27014014 755.37531212 1156.59539707 114.80662061 1772.03987753 175.45255143 17.54809394
0.27103103 749.72185367 1147.79354348 113.99540428 1758.33601527 174.18971162 17.43156028
0.27192192 744.11882899 1139.07143055 113.19106503 1744.75819624 172.93775016 17.31596449
0.27281281 738.56566825 1130.42814910 112.39352721 1731.30496975 171.69654645 17.20129649
0.27370370 733.06180961 1121.86280273 111.60271625 1717.97490564 170.46598157 17.08754638
0.27459459 727.60669910 1113.37450765 110.81855860 1704.76659390 169.24593826 16.97470436
0.27548549 722.19979047 1104.96239243 110.04098171 1691.67864432 168.03630085 16.86276076
0.27637638 716.84054504 1096.62559779 109.26991405 1678.70968621 166.83695530 16.75170608
0.27726727 711.52843162 1088.36327641 108.50528505 1665.85836803 165.64778912 16.64153092
0.27815816 706.26292635 1080.17459273 107.74702512 1653.12335704 164.46869137 16.53222600
0.27904905 701.04351257 1072.05872274 106.99506561 1640.50333904 163.29955260 16.42378218
0.27993994 695.86968073 1064.01485380 106.24933880 1627.99701805 162.14026489 16.31619043
0.28083083 690.74092827 1056.04218443 105.50977788 1615.60311596 160.99072176 16.20944187
0.28172172 685.65675946 1048.13992414 104.77631696 1603.32037228 159.85081817 16.10352769
0.28261261 680.61668534 1040.30729326 104.04889102 1591.14754384 158.72045051 15.99843925
0.28350350 675.62022357 1032.54352274 103.32743592 1579.08340447 157.59951656 15.89416798
0.28439439 670.66689836 1024.84785398 102.61188836 1567.12674478 156.48791546 15.79070544
0.28528529 665.75624031 1017.21953866 101.90218591 1555.27637182 155.38554773 15.68804331
0.28617618 660.88778636 1009.65783858 101.19826696 1543.53110885 154.29231518 15.58617337
0.28706707 656.06107965 1002.16202547 100.50007071 1531.88979506 153.20812095 15.48508751
0.28795796 651.27566943 994.73138087 99.80753717 1520.35128532 152.13286945 15.38477772
0.28884885 646.53111098 987.36519592 99.12060713 1508.91444993 151.06646637 15.28523609
0.28973974 641.82696547 980.06277127 98.43922217 1497.57817434 150.00881863 15.18645484
0.29063063 637.16279990 972.82341684 97.76332463 1486.34135894 148.95983438 15.08842626
0.29152152 632.53818702 965.64645176 97.09285760 1475.20291879 147.91942296 14.99114275
0.29241241 627.95270516 958.53120416 96.42776493 1464.16178343 146.88749493 14.89459682
0.29330330 623.40593826 951.47701105 95.76799116 1453.21689659 145.86396197 14.79878105
0.29419419 618.89747566 944.48321818 95.11348159 1442.36721600 144.84873693 14.70368813
0.29508509 614.42691212 937.54917990 94.46418220 1431.61171315 143.84173381 14.60931086
0.29597598 609.99384764 930.67425902 93.82003967 1420.94937311 142.84286768 14.51564209
0.29686687 605.59788746 923.85782667 93.18100137 1410.37919425 141.85205473 14.42267480
0.29775776 601.23864191 917.09926219 92.54701534 1399.90018809 140.86921223 14.33040204
0.29864865 596.91572637 910.39795297 91.91803029 1389.51137905 139.89425849 14.23881695
0.29953954 592.62876120 903.75329435 91.29399557 1379.21180429 138.92711287 14.14791275
0.30043043 588.37737163 897.16468951 90.67486119 1369.00051346 137.96769578 14.05768276
0.30132132 584.16118768 890.63154928 90.06057776 1358.87656855 137.01592862 13.96812038
0.30221221 579.97984412 884.15329210 89.45109656 1348.83904369 136.07173378 13.87921908
0.30310310 575.83298040 877.72934387 88.84636945 1338.88702493 135.13503465 13.79097241
0.30399399 571.72024052 871.35913782 88.24634889 1329.01961009 134.20575556 13.70337402
0.30488488 567.64127302 865.04211440 87.65098797 1319.23590856 133.28382182 13.61641763
0.30577578 563.59573088 858.77772122 87.06024033 1309.53504114 132.36915966 13.53009702
0.30666667 559.58327149 852.56541285 86.47406020 1299.91613984 131.46169624 13.44440607
0.30755756 555.60355650 846.40465082 85.89240239 1290.37834774 130.56135961 13.35933873
0.30844845 551.65625185 840.29490340 85.31522225 1280.92081879 129.66807873 13.27488900
0.30933934 547.74102766 834.23564561 84.74247568 1271.54271765 128.78178343 13.19105100
0.31023023 543.85755816 828.22635902 84.17411915 1262.24321956 127.90240443 13.10781887
0.31112112 540.00552163 822.26653172 83.61010963 1253.02151014 127.02987328 13.02518686
0.31201201 536.18460038 816.35565820 83.05040465 1243.87678525 126.16412238 12.94314926
0.31290290 532.39448062 810.49323924 82.49496223 1234.80825084 125.30508496 12.86170046
0.31379379 528.63485247 804.67878182 81.94374092 1225.81512279 124.45269506 12.78083489
0.31468468 524.90540985 798.91179905 81.39669977 1216.89662676 123.60688754 12.70054706
0.31557558 521.20585046 793.19181006 80.85379831 1208.05199807 122.76759804 12.62083154
0.31646647 517.53587569 787.51833990 80.31499658 1199.28048151 121.93476298 12.54168297
0.31735736 513.89519061 781.89091949 79.78025510 1190.58133125 121.10831956 12.46309606
0.31824825 510.28350387 776.30908549 79.24953485 1181.95381065 120.28820572 12.38506556
0.31913914 506.70052767 770.77238024 78.72279729 1173.39719217 119.47436017 12.30758630
0.32003003 503.14597772 765.28035167 78.20000433 1164.91075720 118.66672234 12.23065317
0.32092092 499.61957315 759.83255322 77.68111835 1156.49379598 117.86523239 12.15426111
0.32181181 496.12103650 754.42854377 77.16610216 1148.14560739 117.06983120 12.07840514
0.32270270 492.65009364 749.06788753 76.65491903 1139.86549890 116.28046034 12.00308032
0.32359359 489.20647377 743.75015400 76.14753265 1131.65278641 115.49706208 11.92828177
0.32448448 485.78990930 738.47491786 75.64390713 1123.50679413 114.71957940 11.85400467
0.32537538 482.40013585 733.24175893 75.14400704 1115.42685445 113.94795591 11.78024425
0.32626627 479.03689222 728.05026205 74.64779732 1107.41230785 113.18213592 11.70699581
0.32715716 475.69992029 722.90001707 74.15524335 1099.46250277 112.42206438 11.63425469
0.32804805 472.38896502 717.79061870 73.66631090 1091.57679547 111.66768689 11.56201629
0.32893894 469.10377438 712.72166653 73.18096616 1083.75454996 110.91894967 11.49027606
0.32982983 465.84409935 707.69276487 72.69917568 1075.99513786 110.17579961 11.41902950
0.33072072 462.60969381 702.70352275 72.22090643 1068.29793830 109.43818417 11.34827217
0.33161161 459.40031455 697.75355382 71.74612573 1060.66233784 108.70605146 11.27799968
0.33250250 456.21572122 692.84247631 71.27480132 1053.08773029 107.97935015 11.20820768
0.33339339 453.05567628 687.96991293 70.80690126 1045.57351669 107.25802955 11.13889188
0.33428428 449.91994495 683.13549084 70.34239402 1038.11910517 106.54203952 11.07004802
0.33517518 446.80829520 678.33884155 69.88124841 1030.72391084 105.83133052 11.00167192
0.33606607 443.72049771 673.57960092 69.42343359 1023.38735573 105.12585355 10.93375941
0.33695696 440.65632578 668.85740903 68.96891909 1016.10886863 104.42556020 10.86630640
0.33784785 437.61555538 664.17191016 68.51767477 1008.88788508 103.73040259 10.79930883
0.33873874 434.59796503 659.52275274 68.06967085 1001.72384719 103.04033341 10.73276268
0.33962963 431.60333581 654.90958926 67.62487786 994.61620362 102.35530586 10.66666398
0.34052052 428.63145133 650.33207623 67.18326669 987.56440943 101.67527370 10.60100881
0.34141141 425.68209766 645.78987414 66.74480854 980.56792603 101.00019118 10.53579330
0.34230230 422.75506333 641.28264738 66.30947494 973.62622109 100.33001310 10.47101359
0.34319319 419.85013928 636.81006419 65.87723773 966.73876843 99.66469474 10.40666590
0.34408408 416.96711882 632.37179664 65.44806909 959.90504796 99.00419190 10.34274647
0.34497497 414.10579762 627.96752051 65.02194147 953.12454559 98.34846087 10.27925159
0.34586587 411.26597366 623.59691532 64.59882766 946.39675312 97.69745842 10.21617758
0.34675676 408.44744721 619.25966422 64.17870075 939.72116822 97.05114182 10.15352083
0.34764765 405.65002078 614.95545397 63.76153409 933.09729429 96.40946880 10.09127772
0.34853854 402.87349912 610.68397487 63.34730138 926.52464041 95.77239757 10.02944472
0.34942943 400.11768916 606.44492074 62.93597657 920.00272126 95.13988679 9.96801830
0.35032032 397.38239999 602.23798884 62.52753391 913.53105705 94.51189559 9.90699499
0.35121121 394.66744286 598.06287986 62.12194792 907.10917344 93.88838354 9.84637135
0.35210210 391.97263109 593.91929784 61.71919342 900.73660144 93.26931066 9.78614398
0.35299299 389.29778010 589.80695013 61.31924549 894.41287741 92.65463740 9.72630951
0.35388388 386.64270736 585.72554738 60.92207948 888.13754289 92.04432467 9.66686461
0.35477477 384.00723236 581.67480347 60.52767102 881.91014463 91.43833376 9.60780600
0.35566567 381.39117658 577.65443544 60.13599600 875.73023444 90.83662643 9.54913040
0.35655656 378.79436347 573.66416350 59.74703055 869.59736917 90.23916483 9.49083461
0.35744745 376.21661843 569.70371097 59.36075108 863.51111063 89.64591151 9.43291542
0.35833834 373.65776879 565.77280422 58.97713426 857.47102552 89.05682946 9.37536968
0.35922923 371.11764374 561.87117264 58.59615698 851.47668537 88.47188203 9.31819427
0.36012012 368.59607436 557.99854862 58.21779641 845.52766647 87.89103301 9.26138610
0.36101101 366.09289358 554.15466748 57.84202994 839.62354983 87.31424652 9.20494211
0.36190190 363.60793614 550.33926746 57.46883522 833.76392107 86.74148713 9.14885928
0.36279279 361.14103858 546.55208965 57.09819012 827.94837043 86.17271973 9.09313462
0.36368368 358.69203920 542.79287800 56.73007276 822.17649264 85.60790963 9.03776515
0.36457457 356.26077806 539.06137923 56.36446147 816.44788689 85.04702249 8.98274796
0.36546547 353.84709696 535.35734281 56.00133485 810.76215680 84.49002433 8.92808014
0.36635636 351.45083938 531.68052097 55.64067168 805.11891031 83.93688154 8.87375882
0.36724725 349.07185050 528.03066859 55.28245098 799.51775966 83.38756086 8.81978115
0.36813814 346.70997717 524.40754322 54.92665200 793.95832133 82.84202938 8.76614434
0.36902903 344.36506785 520.81090503 54.57325421 788.44021597 82.30025455 8.71284558
0.36991992 342.03697264 517.24051676 54.22223726 782.96306835 81.76220415 8.65988214
0.37081081 339.72554324 513.69614374 53.87358106 777.52650735 81.22784630 8.60725128
0.37170170 337.43063293 510.17755377 53.52726569 772.13016582 80.69714945 8.55495031
0.37259259 335.15209654 506.68451716 53.18327146 766.77368062 80.17008238 8.50297655
0.37348348 332.88979044 503.21680670 52.84157887 761.45669250 79.64661421 8.45132737
0.37437437 330.64357252 499.77419756 52.50216864 756.17884610 79.12671437 8.40000014
0.37526527 328.41330218 496.35646733 52.16502166 750.93978986 78.61035260 8.34899228
0.37615616 326.19884028 492.96339598 51.83011905 745.73917603 78.09749896 8.29830122
0.37704705 324.00004917 489.59476577 51.49744209 740.57666053 77.58812383 8.24792443
0.37793794 321.81679262 486.25036130 51.16697227 735.45190301 77.08219788 8.19785939
0.37882883 319.64893585 482.92996944 50.83869129 730.36456670 76.57969208 8.14810362
0.37971972 317.49634546 479.63337929 50.51258099 725.31431846 76.08057772 8.09865465
0.38061061 315.35888947 476.36038220 50.18862342 720.30082866 75.58482636 8.04951005
0.38150150 313.23643726 473.11077170 49.86680083 715.32377119 75.09240987 8.00066740
0.38239239 311.12885956 469.88434346 49.54709562 710.38282336 74.60330039 7.95212432
0.38328328 309.03602846 466.68089532 49.22949037 705.47766592 74.11747035 7.90387843
0.38417417 306.95781735 463.50022721 48.91396787 700.60798297 73.63489246 7.85592741
0.38506507 304.89410096 460.34214118 48.60051103 695.77346195 73.15553972 7.80826892
0.38595596 302.84475527 457.20644129 48.28910298 690.97379356 72.67938539 7.76090068
0.38684685 300.80965757 454.09293367 47.97972700 686.20867176 72.20640299 7.71382041
0.38773774 298.78868640 451.00142645 47.67236652 681.47779372 71.73656632 7.66702585
0.38862863 296.78172153 447.93172974 47.36700517 676.78085976 71.26984945 7.62051479
0.38951952 294.78864399 444.88365562 47.06362672 672.11757333 70.80622670 7.57428501
0.39041041 292.80933599 441.85701809 46.76221510 667.48764096 70.34567265 7.52833433
0.39130130 290.84368096 438.85163310 46.46275442 662.89077224 69.88816214 7.48266058
0.39219219 288.89156352 435.86731844 46.16522892 658.32667977 69.43367024 7.43726162
0.39308308 286.95286944 432.90389380 45.86962301 653.79507912 68.98217230 7.39213534
0.39397397 285.02748568 429.96118072 45.57592127 649.29568880 68.53364388 7.34727962
0.39486486 283.11530030 427.03900253 45.28410840 644.82823022 68.08806081 7.30269238
0.39575576 281.21620254 424.13718438 44.99416926 640.39242768 67.64539916 7.25837157
0.39664665 279.33008271 421.25555321 44.70608888 635.98800828 67.20563521 7.21431515
0.39753754 277.45683224 418.39393771 44.41985242 631.61470194 66.76874549 7.17052108
0.39842843 275.59634367 415.55216828 44.13544517 627.27224135 66.33470677 7.12698738
0.39931932 273.74851059 412.73007707 43.85285259 622.96036192 65.90349604 7.08371204
0.40021021 271.91322765 409.92749792 43.57206027 618.67880176 65.47509051 7.04069312
0.40110110 270.09039058 407.14426633 43.29305394 614.42730165 65.04946762 6.99792867
0.40199199 268.27989613 404.38021947 43.01581946 610.20560501 64.62660502 6.95541675
0.40288288 266.48164207 401.63519612 42.74034284 606.01345786 64.20648060 6.91315546
0.40377377 264.69552721 398.90903671 42.46661022 601.85060880 63.78907244 6.87114291
0.40466466 262.92145132 396.20158326 42.19460788 597.71680897 63.37435884 6.82937722
0.40555556 261.15931522 393.51267934 41.92432221 593.61181200 62.96231832 6.78785654
0.40644645 259.40902065 390.84217011 41.65573976 589.53537404 62.55292961 6.74657904
0.40733734 257.67047035 388.18990227 41.38884719 585.48725367 62.14617162 6.70554288
0.40822823 255.94356803 385.55572402 41.12363129 581.46721190 61.74202349 6.66474627
0.40911912 254.22821830 382.93948509 40.86007898 577.47501214 61.34046454 6.62418742
0.41001001 252.52432675 380.34103668 40.59817730 573.51042017 60.94147432 6.58386456
0.41090090 250.83179986 377.76023149 40.33791342 569.57320409 60.54503253 6.54377594
0.41179179 249.15054506 375.19692363 40.07927462 565.66313433 60.15111910 6.50391981
0.41268268 247.48047064 372.65096868 39.82224832 561.77998361 59.75971414 6.46429446
0.41357357 245.82148581 370.12222363 39.56682203 557.92352691 59.37079795 6.42489818
0.41446446 244.17350065 367.61054687 39.31298340 554.09354142 58.98435102 6.38572928
0.41535536 242.53642613 365.11579819 39.06072019 550.28980657 58.60035402 6.34678609
0.41624625 240.91017405 362.63783874 38.81002029 546.51210394 58.21878779 6.30806695
0.41713714 239.29465710 360.17653103 38.56087166 542.76021728 57.83963339 6.26957022
0.41802803 237.68978878 357.73173891 38.31326243 539.03393249 57.46287202 6.23129426
0.41891892 236.09548343 355.30332755 38.06718079 535.33303754 57.08848508 6.19323746
0.41980981 234.51165623 352.89116344 37.82261508 531.65732251 56.71645413 6.15539823
0.42070070 232.93822316 350.49511436 37.57955372 528.00657954 56.34676092 6.11777498
0.42159159 231.37510101 348.11504936 37.33798524 524.38060278 55.97938735 6.08036613
0.42248248 229.82220735 345.75083878 37.09789831 520.77918841 55.61431550 6.04317015
0.42337337 228.27946056 343.40235419 36.85928165 517.20213461 55.25152762 6.00618547
0.42426426 226.74677979 341.06946840 36.62212414 513.64924150 54.89100613 5.96941058
0.42515516 225.22408495 338.75205546 36.38641471 510.12031116 54.53273359 5.93284396
0.42604605 223.71129672 336.44999060 36.15214244 506.61514760 54.17669276 5.89648411
0.42693694 222.20833652 334.16315027 35.91929648 503.13355670 53.82286652 5.86032954
0.42782783 220.71512654 331.89141210 35.68786608 499.67534626 53.47123793 5.82437878
0.42871872 219.23158967 329.63465488 35.45784061 496.24032589 53.12179021 5.78863037
0.42960961 217.75764956 327.39275856 35.22920951 492.82830708 52.77450672 5.75308287
0.43050050 216.29323055 325.16560424 35.00196233 489.43910311 52.42937098 5.71773483
0.43139139 214.83825772 322.95307413 34.77608872 486.07252906 52.08636667 5.68258484
0.43228228 213.39265683 320.75505159 34.55157842 482.72840180 51.74547760 5.64763148
0.43317317 211.95635434 318.57142104 34.32842126 479.40653993 51.40668775 5.61287336
0.43406406 210.52927741 316.40206805 34.10660716 476.10676381 51.06998122 5.57830910
0.43495495 209.11135386 314.24687923 33.88612613 472.82889549 50.73534229 5.54393733
0.43584585 207.70251221 312.10574226 33.66696828 469.57275875 50.40275535 5.50975667
0.43673674 206.30268162 309.97854590 33.44912380 466.33817903 50.07220495 5.47576579
0.43762763 204.91179193 307.86517994 33.23258298 463.12498342 49.74367578 5.44196335
0.43851852 203.52977360 305.76553520 33.01733618 459.93300067 49.41715266 5.40834803
0.43940941 202.15655777 303.67950355 32.80337386 456.76206114 49.09262055 5.37491850
0.44030030 200.79207619 301.60697783 32.59068656 453.61199681 48.77006456 5.34167348
0.44119119 199.43626126 299.54785192 32.37926490 450.48264124 48.44946990 5.30861167
0.44208208 198.08904598 297.50202065 32.16909959 447.37382955 48.13082195 5.27573178
0.44297297 196.75036399 295.46937988 31.96018142 444.28539843 47.81410621 5.24303256
0.44386386 195.42014953 293.44982639 31.75250127 441.21718609 47.49930829 5.21051275
0.44475475 194.09833743 291.44325794 31.54605008 438.16903227 47.18641396 5.17817109
0.44564565 192.78486315 289.44957324 31.34081890 435.14077822 46.87540910 5.14600636
0.44653654 191.47966269 287.46867192 31.13679882 432.13226666 46.56627970 5.11401733
0.44742743 190.18267269 285.50045456 30.93398105 429.14334178 46.25901192 5.08220279
0.44831832 188.89383033 283.54482265 30.73235686 426.17384924 45.95359199 5.05056152
0.44920921 187.61307337 281.60167856 30.53191758 423.22363613 45.65000631 5.01909235
0.45010010 186.34034015 279.67092560 30.33265463 420.29255094 45.34824136 4.98779408
0.45099099 185.07556954 277.75246794 30.13455952 417.38044362 45.04828377 4.95666554
0.45188188 183.81870099 275.84621064 29.93762382 414.48716545 44.75012026 4.92570557
0.45277277 182.56967449 273.95205961 29.74183917 411.61256914 44.45373771 4.89491301
0.45366366 181.32843056 272.06992165 29.54719727 408.75650873 44.15912306 4.86428673
0.45455455 180.09491028 270.19970440 29.35368994 405.91883962 43.86626342 4.83382558
0.45544545 178.86905524 268.34131631 29.16130901 403.09941854 43.57514596 4.80352845
0.45633634 177.65080755 266.49466671 28.97004643 400.29810353 43.28575800 4.77339422
0.45722723 176.44010987 264.65966573 28.77989420 397.51475396 42.99808697 4.74342178
0.45811812 175.23690535 262.83622430 28.59084437 394.74923047 42.71212038 4.71361003
0.45900901 174.04113764 261.02425419 28.40288910 392.00139498 42.42784588 4.68395790
0.45989990 172.85275092 259.22366795 28.21602059 389.27111067 42.14525122 4.65446430
0.46079079 171.67168984 257.43437891 28.03023110 386.55824199 41.86432424 4.62512816
0.46168168 170.49789957 255.65630119 27.84551298 383.86265460 41.58505290 4.59594843
0.46257257 169.33132575 253.88934970 27.66185863 381.18421540 41.30742526 4.56692404
0.46346346 168.17191450 252.13344008 27.47926053 378.52279249 41.03142949 4.53805397
0.46435435 167.01961243 250.38848875 27.29771120 375.87825519 40.75705386 4.50933718
0.46524525 165.87436662 248.65441289 27.11720324 373.25047398 40.48428673 4.48077263
0.46613614 164.73612460 246.93113038 26.93772931 370.63932052 40.21311657 4.45235932
0.46702703 163.60483439 245.21855988 26.75928213 368.04466764 39.94353195 4.42409624
0.46791792 162.48044444 243.51662074 26.58185450 365.46638931 39.67552153 4.39598238
0.46880881 161.36290369 241.82523304 26.40543925 362.90436064 39.40907408 4.36801676
0.46969970 160.25216148 240.14431759 26.23002928 360.35845787 39.14417846 4.34019838
0.47059059 159.14816765 238.47379587 26.05561758 357.82855833 38.88082361 4.31252628
0.47148148 158.05087242 236.81359008 25.88219715 355.31454047 38.61899858 4.28499950
0.47237237 156.96022650 235.16362310 25.70976109 352.81628384 38.35869253 4.25761705
0.47326326 155.87618099 233.52381849 25.53830253 350.33366904 38.09989467 4.23037801
0.47415415 154.79868744 231.89410049 25.36781468 347.86657776 37.84259433 4.20328141
0.47504505 153.72769781 230.27439401 25.19829079 345.41489273 37.58678094 4.17632634
0.47593594 152.66316449 228.66462460 25.02972417 342.97849774 37.33244398 4.14951185
0.47682683 151.60504026 227.06471851 24.86210819 340.55727761 37.07957306 4.12283702
0.47771772 150.55327833 225.47460258 24.69543628 338.15111818 36.82815786 4.09630095
0.47860861 149.50783230 223.89420433 24.52970191 335.75990630 36.57818814 4.06990272
0.47949950 148.46865620 222.32345191 24.36489862 333.38352983 36.32965376 4.04364144
0.48039039 147.43570442 220.76227409 24.20101999 331.02187761 36.08254465 4.01751621
0.48128128 146.40893177 219.21060025 24.03805967 328.67483949 35.83685085 3.99152615
0.48217217 145.38829342 217.66836042 23.87601133 326.34230627 35.59256245 3.96567039
0.48306306 144.37374496 216.13548520 23.71486874 324.02416971 35.34966964 3.93994804
0.48395395 143.36524234 214.61190582 23.55462568 321.72032252 35.10816270 3.91435825
0.48484484 142.36274189 213.09755410 23.39527600 319.43065838 34.86803198 3.88890016
0.48573574 141.36620032 211.59236244 23.23681359 317.15507188 34.62926790 3.86357293
0.48662663 140.37557469 210.09626383 23.07923241 314.89345854 34.39186099 3.83837570
0.48751752 139.39082246 208.60919186 22.92252645 312.64571479 34.15580183 3.81330764
0.48840841 138.41190142 207.13108066 22.76668976 310.41173796 33.92108109 3.78836792
0.48929930 137.43876974 205.66186495 22.61171642 308.19142630 33.68768952 3.76355572
0.49019019 136.47138593 204.20148000 22.45760059 305.98467892 33.45561793 3.73887022
0.49108108 135.50970887 202.74986164 22.30433646 303.79139582 33.22485723 3.71431061
0.49197197 134.55369777 201.30694626 22.15191826 301.61147788 32.99539838 3.68987608
0.49286286 133.60331220 199.87267078 22.00034027 299.44482681 32.76723244 3.66556584
0.49375375 132.65851206 198.44697267 21.84959684 297.29134520 32.54035052 3.64137910
0.49464464 131.71925759 197.02978993 21.69968232 295.15093647 32.31474382 3.61731508
0.49553554 130.78550938 195.62106108 21.55059115 293.02350488 32.09040360 3.59337298
0.49642643 129.85722832 194.22072519 21.40231780 290.90895552 31.86732120 3.56955204
0.49731732 128.93437566 192.82872182 21.25485676 288.80719429 31.64548803 3.54585150
0.49820821 128.01691296 191.44499107 21.10820261 286.71812789 31.42489555 3.52227059
0.49909910 127.10480211 190.06947352 20.96234994 284.64166385 31.20553533 3.49880855
0.49998999 126.19800530 188.70211027 20.81729339 282.57771047 30.98739896 3.47546464
0.50088088 125.29648590 187.34284414 20.67302780 280.52617864 30.77047836 3.45223814
0.50177177 124.40021101 185.99162348 20.52954865 278.48698743 30.55476638 3.42912845
0.50266266 123.50914892 184.64839842 20.38685163 276.46005852 30.34025615 3.40613501
0.50355355 122.62326819 183.31311950 20.24493246 274.44531433 30.12694089 3.38325725
0.50444444 121.74253767 181.98573772 20.10378691 272.44267795 29.91481385 3.36049463
0.50533534 120.86692648 180.66620452 19.96341075 270.45207317 29.70386837 3.33784658
0.50622623 119.99640400 179.35447174 19.82379982 268.47342446 29.49409780 3.31531257
0.50711712 119.13093988 178.05049169 19.68495000 266.50665696 29.28549560 3.29289205
0.50800801 118.27050404 176.75421707 19.54685717 264.55169648 29.07805525 3.27058449
0.50889890 117.41506667 175.46560099 19.40951727 262.60846950 28.87177029 3.24838935
0.50978979 116.56459821 174.18459700 19.27292627 260.67690313 28.66663432 3.22630610
0.51068068 115.71906935 172.91115904 19.13708018 258.75692514 28.46264101 3.20433422
0.51157157 114.87845104 171.64524145 19.00197502 256.84846396 28.25978405 3.18247320
0.51246246 114.04271448 170.38679898 18.86760688 254.95144861 28.05805721 3.16072250
0.51335335 113.21183112 169.13578678 18.73397184 253.06580877 27.85745430 3.13908164
0.51424424 112.38577267 167.89216036 18.60106605 251.19147472 27.65796920 3.11755009
0.51513514 111.56451105 166.65587564 18.46888567 249.32837737 27.45959580 3.09612735
0.51602603 110.74801845 165.42688893 18.33742690 247.47644821 27.26232810 3.07481293
0.51691692 109.93626728 164.20515690 18.20668597 245.63561935 27.06616009 3.05360633
0.51780781 109.12923021 162.99063661 18.07665914 243.80582349 26.87108586 3.03250707
0.51869870 108.32688010 161.78328547 17.94734270 241.98699392 26.67709951 3.01151464
0.51958959 107.52919009 160.58306128 17.81873298 240.17906450 26.48419522 2.99062858
0.52048048 106.73613351 159.38992218 17.69082632 238.38196966 26.29236720 2.96984839
0.52137137 105.94768393 158.20382668 17.56361911 236.59564443 26.10160971 2.94917362
0.52226226 105.16381516 157.02473365 17.43710776 234.82002436 25.91191707 2.92860378
0.52315315 104.38450121 155.85260231 17.31128871 233.05504559 25.72328362 2.90813840
0.52404404 103.60971630 154.68739221 17.18615843 231.30064479 25.53570377 2.88777703
0.52493493 102.83943489 153.52906327 17.06171341 229.55675919 25.34917197 2.86751920
0.52582583 102.07363165 152.37757573 16.93795018 227.82332655 25.16368272 2.84736446
0.52671672 101.31228144 151.23289018 16.81486531 226.10028516 24.97923054 2.82731236
0.52760761 100.55535937 150.09496752 16.69245536 224.38757384 24.79581003 2.80736243
0.52849850 99.80284071 148.96376901 16.57071695 222.68513195 24.61341581 2.78751424
0.52938939 99.05470098 147.83925623 16.44964671 220.99289934 24.43204255 2.76776735
0.53028028 98.31091586 146.72139105 16.32924131 219.31081638 24.25168496 2.74812131
0.53117117 97.57146127 145.61013571 16.20949743 217.63882395 24.07233781 2.72857570
0.53206206 96.83631331 144.50545273 16.09041179 215.97686343 23.89399588 2.70913007
0.53295295 96.10544827 143.40730495 15.97198114 214.32487669 23.71665401 2.68978399
0.53384384 95.37884264 142.31565552 15.85420223 212.68280610 23.54030709 2.67053705
0.53473473 94.65647313 141.23046790 15.73707187 211.05059450 23.36495004 2.65138882
0.53562563 93.93831659 140.15170586 15.62058686 209.42818522 23.19057782 2.63233888
0.53651652 93.22435010 139.07933344 15.50474406 207.81552206 23.01718543 2.61338681
0.53740741 92.51455090 138.01331502 15.38954033 206.21254930 22.84476790 2.59453220
0.53829830 91.80889644 136.95361524 15.27497255 204.61921167 22.67332033 2.57577464
0.53918919 91.10736434 135.90019903 15.16103765 203.03545436 22.50283782 2.55711372
0.54008008 90.40993238 134.85303163 15.04773257 201.46122303 22.33331554 2.53854904
0.54097097 89.71657856 133.81207855 14.93505426 199.89646378 22.16474868 2.52008020
0.54186186 89.02728103 132.77730558 14.82299971 198.34112314 21.99713246 2.50170680
0.54275275 88.34201812 131.74867880 14.71156594 196.79514812 21.83046217 2.48342844
0.54364364 87.66076834 130.72616454 14.60074997 195.25848612 21.66473310 2.46524473
0.54453453 86.98351036 129.70972943 14.49054886 193.73108500 21.49994059 2.44715529
0.54542543 86.31022302 128.69934035 14.38095968 192.21289305 21.33608003 2.42915972
0.54631632 85.64088535 127.69496446 14.27197953 190.70385897 21.17314683 2.41125764
0.54720721 84.97547652 126.69656919 14.16360554 189.20393187 21.01113642 2.39344867
0.54809810 84.31397588 125.70412220 14.05583485 187.71306129 20.85004431 2.37573243
0.54898899 83.65636293 124.71759144 13.94866461 186.23119718 20.68986599 2.35810855
0.54987988 83.00261734 123.73694510 13.84209202 184.75828987 20.53059704 2.34057665
0.55077077 82.35271894 122.76215163 13.73611428 183.29429012 20.37223302 2.32313636
0.55166166 81.70664771 121.79317972 13.63072861 181.83914908 20.21476955 2.30578732
0.55255255 81.06438380 120.82999832 13.52593227 180.39281827 20.05820230 2.28852915
0.55344344 80.42590750 119.87257663 13.42172252 178.95524963 19.90252694 2.27136151
0.55433433 79.79119927 118.92088406 13.31809665 177.52639546 19.74773918 2.25428402
0.55522523 79.16023968 117.97489030 13.21505196 176.10620844 19.59383477 2.23729632
0.55611612 78.53300951 117.03456526 13.11258578 174.69464165 19.44080950 2.22039808
0.55700701 77.90948964 116.09987907 13.01069546 173.29164852 19.28865918 2.20358892
0.55789790 77.28966112 115.17080212 12.90937836 171.89718285 19.13737963 2.18686850
0.55878879 76.67350513 114.24730501 12.80863186 170.51119881 18.98696675 2.17023647
0.55967968 76.06100300 113.32935858 12.70845338 169.13365093 18.83741642 2.15369249
0.56057057 75.45213622 112.41693388 12.60884032 167.76449409 18.68872458 2.13723622
0.56146146 74.84688638 111.51000221 12.50979014 166.40368353 18.54088719 2.12086730
0.56235235 74.24523525 110.60853505 12.41130029 165.05117483 18.39390024 2.10458541
0.56324324 73.64716471 109.71250414 12.31336824 163.70692393 18.24775975 2.08839021
0.56413413 73.05265679 108.82188141 12.21599148 162.37088709 18.10246177 2.07228136
0.56502503 72.46169364 107.93663900 12.11916754 161.04302093 17.95800238 2.05625852
0.56591592 71.87425756 107.05674929 12.02289394 159.72328240 17.81437768 2.04032138
0.56680681 71.29033097 106.18218483 11.92716822 158.41162876 17.67158380 2.02446960
0.56769770 70.70989644 105.31291842 11.83198795 157.10801762 17.52961690 2.00870286
0.56858859 70.13293663 104.44892302 11.73735071 155.81240691 17.38847317 1.99302083
0.56947948 69.55943436 103.59017182 11.64325410 154.52475487 17.24814883 1.97742319
0.57037037 68.98937257 102.73663821 11.54969572 153.24502007 17.10864010 1.96190962
0.57126126 68.42273431 101.88829577 11.45667321 151.97316139 16.96994327 1.94647980
0.57215215 67.85950278 101.04511828 11.36418421 150.70913801 16.83205461 1.93113343
0.57304304 67.29966128 100.20707971 11.27222639 149.45290943 16.69497046 1.91587018
0.57393393 66.74319323 99.37415422 11.18079741 148.20443544 16.55868715 1.90068974
0.57482482 66.19008220 98.54631618 11.08989499 146.96367616 16.42320105 1.88559181
0.57571572 65.64031183 97.72354011 10.99951681 145.73059197 16.28850856 1.87057607
0.57660661 65.09386591 96.90580075 10.90966061 144.50514356 16.15460609 1.85564222
0.57749750 64.55072834 96.09307301 10.82032413 143.28729192 16.02149009 1.84078996
0.57838839 64.01088313 95.28533199 10.73150511 142.07699832 15.88915702 1.82601898
0.57927928 63.47431442 94.48255295 10.64320133 140.87422430 15.75760338 1.81132899
0.58017017 62.94100643 93.68471135 10.55541058 139.67893172 15.62682567 1.79671967
0.58106106 62.41094351 92.89178282 10.46813063 138.49108268 15.49682044 1.78219075
0.58195195 61.88411013 92.10374316 10.38135932 137.31063958 15.36758424 1.76774192
0.58284284 61.36049085 91.32056834 10.29509446 136.13756507 15.23911366 1.75337289
0.58373373 60.84007035 90.54223451 10.20933390 134.97182210 15.11140531 1.73908337
0.58462462 60.32283340 89.76871798 10.12407548 133.81337386 14.98445580 1.72487306
0.58551552 59.80876489 88.99999523 10.03931708 132.66218383 14.85826180 1.71074168
0.58640641 59.29784981 88.23604291 9.95505658 131.51821572 14.73281998 1.69668895
0.58729730 58.79007326 87.47683782 9.87129186 130.38143352 14.60812702 1.68271457
0.58818819 58.28542042 86.72235695 9.78802085 129.25180148 14.48417964 1.66881827
0.58907908 57.78387659 85.97257741 9.70524145 128.12928409 14.36097459 1.65499975
0.58996997 57.28542716 85.22747649 9.62295159 127.01384609 14.23850860 1.64125875
0.59086086 56.79005763 84.48703165 9.54114924 125.90545248 14.11677847 1.62759499
0.59175175 56.29775359 83.75122047 9.45983234 124.80406849 13.99578099 1.61400817
0.59264264 55.80850072 83.02002072 9.37899887 123.70965960 13.87551298 1.60049804
0.59353353 55.32228480 82.29341029 9.29864681 122.62219154 13.75597127 1.58706431
0.59442442 54.83909171 81.57136725 9.21877415 121.54163026 13.63715273 1.57370672
0.59531532 54.35890742 80.85386978 9.13937890 120.46794195 13.51905422 1.56042499
0.59620621 53.88171798 80.14089625 9.06045909 119.40109304 13.40167265 1.54721884
0.59709710 53.40750955 79.43242514 8.98201274 118.34105017 13.28500494 1.53408802
0.59798799 52.93626837 78.72843509 8.90403790 117.28778023 13.16904801 1.52103226
0.59887888 52.46798077 78.02890487 8.82653262 116.24125032 13.05379882 1.50805128
0.59976977 52.00263317 77.33381342 8.74949496 115.20142777 12.93925435 1.49514483
0.60066066 51.54021208 76.64313978 8.67292301 114.16828013 12.82541157 1.48231265
0.60155155 51.08070409 75.95686314 8.59681485 113.14177515 12.71226751 1.46955446
0.60244244 50.62409587 75.27496285 8.52116859 112.12188082 12.59981917 1.45687001
0.60333333 50.17037419 74.59741835 8.44598232 111.10856533 12.48806362 1.44425905
0.60422422 49.71952589 73.92420926 8.37125418 110.10179708 12.37699790 1.43172131
0.60511512 49.27153791 73.25531529 8.29698229 109.10154468 12.26661909 1.41925653
0.60600601 48.82639725 72.59071632 8.22316479 108.10777694 12.15692430 1.40686446
0.60689690 48.38409100 71.93039231 8.14979985 107.12046289 12.04791063 1.39454486
0.60778779 47.94460633 71.27432339 8.07688561 106.13957174 11.93957521 1.38229745
0.60867868 47.50793049 70.62248979 8.00442026 105.16507291 11.83191519 1.37012200
0.60956957 47.07405081 69.97487188 7.93240198 104.19693601 11.72492772 1.35801825
0.61046046 46.64295469 69.33145014 7.86082895 103.23513086 11.61860998 1.34598595
0.61135135 46.21462961 68.69220518 7.78969938 102.27962746 11.51295917 1.33402485
0.61224224 45.78906312 68.05711774 7.71901149 101.33039601 11.40797249 1.32213471
0.61313313 45.36624287 67.42616864 7.64876349 100.38740687 11.30364717 1.31031528
0.61402402 44.94615654 66.79933886 7.57895362 99.45063063 11.19998045 1.29856632
0.61491491 44.52879193 66.17660948 7.50958011 98.52003803 11.09696959 1.28688758
0.61580581 44.11413687 65.55796169 7.44064122 97.59560000 10.99461184 1.27527882
0.61669670 43.70217928 64.94337680 7.37213520 96.67728766 10.89290450 1.26373979
0.61758759 43.29290717 64.33283622 7.30406032 95.76507230 10.79184487 1.25227026
0.61847848 42.88630858 63.72632150 7.23641486 94.85892539 10.69143025 1.24086999
0.61936937 42.48237164 63.12381426 7.16919710 93.95881856 10.59165799 1.22953873
0.62026026 42.08108456 62.52529626 7.10240534 93.06472364 10.49252541 1.21827625
0.62115115 41.68243560 61.93074936 7.03603788 92.17661260 10.39402987 1.20708232
0.62204204 41.28641308 61.34015551 6.97009302 91.29445759 10.29616875 1.19595670
0.62293293 40.89300541 60.75349679 6.90456910 90.41823094 10.19893943 1.18489914
0.62382382 40.50220104 60.17075536 6.83946443 89.54790512 10.10233930 1.17390943
0.62471471 40.11398850 59.59191350 6.77477736 88.68345279 10.00636577 1.16298732
0.62560561 39.72835639 59.01695358 6.71050622 87.82484674 9.91101628 1.15213259
0.62649650 39.34529334 58.44585808 6.64664936 86.97205994 9.81628824 1.14134499
0.62738739 38.96478808 57.87860957 6.58320516 86.12506551 9.72217912 1.13062431
0.62827828 38.58682938 57.31519071 6.52017196 85.28383673 9.62868636 1.11997032
0.62916917 38.21140608 56.75558429 6.45754816 84.44834703 9.53580746 1.10938277
0.63006006 37.83850706 56.19977315 6.39533212 83.61856998 9.44353989 1.09886146
0.63095095 37.46812130 55.64774027 6.33352225 82.79447933 9.35188115 1.08840614
0.63184184 37.10023779 55.09946868 6.27211693 81.97604895 9.26082876 1.07801660
0.63273273 36.73484561 54.55494153 6.21111457 81.16325287 9.17038023 1.06769260
0.63362362 36.37193389 54.01414207 6.15051359 80.35606526 9.08053310 1.05743393
0.63451451 36.01149181 53.47705360 6.09031240 79.55446044 8.99128491 1.04724036
0.63540541 35.65350862 52.94365955 6.03050942 78.75841285 8.90263323 1.03711166
0.63629630 35.29797360 52.41394341 5.97110310 77.96789710 8.81457562 1.02704762
0.63718719 34.94487610 51.88788878 5.91209186 77.18288793 8.72710966 1.01704802
0.63807808 34.59420554 51.36547932 5.85347416 76.40336019 8.64023294 1.00711262
0.63896897 34.24595136 50.84669881 5.79524845 75.62928890 8.55394306 0.99724122
0.63985986 33.90010307 50.33153107 5.73741318 74.86064920 8.46823764 0.98743359
0.64075075 33.55665024 49.81996004 5.67996682 74.09741635 8.38311430 0.97768952
0.64164164 33.21558248 49.31196972 5.62290785 73.33956576 8.29857067 0.96800878
0.64253253 32.87688944 48.80754421 5.56623474 72.58707296 8.21460440 0.95839116
0.64342342 32.54056085 48.30666767 5.50994597 71.83991361 8.13121313 0.94883645
0.64431431 32.20658645 47.80932434 5.45404005 71.09806348 8.04839454 0.93934442
0.64520521 31.87495607 47.31549856 5.39851545 70.36149849 7.96614630 0.92991487
0.64609610 31.54565956 46.82517473 5.34337069 69.63019466 7.88446610 0.92054757
0.64698699 31.21868683 46.33833732 5.28860428 68.90412815 7.80335161 0.91124231
0.64787788 30.89402782 45.85497089 5.23421472 68.18327523 7.72280056 0.90199889
0.64876877 30.57167254 45.37506007 5.18020054 67.46761228 7.64281065 0.89281708
0.64965966 30.25161104 44.89858955 5.12656027 66.75711581 7.56337960 0.88369667
0.65055055 29.93383340 44.42554412 5.07329243 66.05176245 7.48450514 0.87463746
0.65144144 29.61832975 43.95590861 5.02039556 65.35152892 7.40618502 0.86563923
0.65233233 29.30509028 43.48966795 4.96786820 64.65639208 7.32841699 0.85670177
0.65322322 28.99410521 43.02680712 4.91570890 63.96632888 7.25119879 0.84782487
0.65411411 28.68536480 42.56731117 4.86391622 63.28131639 7.17452820 0.83900832
0.65500501 28.37885936 42.11116523 4.81248870 62.60133180 7.09840299 0.83025192
0.65589590 28.07457924 41.65835448 4.76142491 61.92635238 7.02282095 0.82155545
0.65678679 27.77251483 41.20886419 4.71072343 61.25635553 6.94777987 0.81291870
0.65767768 27.47265656 40.76267967 4.66038281 60.59131874 6.87327754 0.80434147
0.65856857 27.17499491 40.31978631 4.61040165 59.93121961 6.79931178 0.79582356
0.65945946 26.87952037 39.88016956 4.56077852 59.27603584 6.72588040 0.78736474
0.66035035 26.58622351 39.44381493 4.51151200 58.62574523 6.65298123 0.77896483
0.66124124 26.29509492 39.01070800 4.46260070 57.98032568 6.58061209 0.77062361
0.66213213 26.00612521 38.58083441 4.41404320 57.33975519 6.50877083 0.76234088
0.66302302 25.71930505 38.15417985 4.36583811 56.70401185 6.43745530 0.75411643
0.66391391 25.43462515 37.73073008 4.31798402 56.07307386 6.36666334 0.74595006
0.66480480 25.15207625 37.31047091 4.27047956 55.44691950 6.29639282 0.73784157
0.66569570 24.87164911 36.89338822 4.22332334 54.82552715 6.22664161 0.72979074
0.66658659 24.59333456 36.47946794 4.17651396 54.20887527 6.15740759 0.72179738
0.66747748 24.31712342 36.06869606 4.13005006 53.59694244 6.08868863 0.71386129
0.66836837 24.04300659 35.66105863 4.08393027 52.98970730 6.02048263 0.70598227
0.66925926 23.77097498 35.25654173 4.03815320 52.38714858 5.95278748 0.69816010
0.67015015 23.50101954 34.85513154 3.99271750 51.78924512 5.88560109 0.69039459
0.67104104 23.23313124 34.45681424 3.94762180 51.19597582 5.81892136 0.68268554
0.67193193 22.96730110 34.06157611 3.90286474 50.60731969 5.75274622 0.67503275
0.67282282 22.70352017 33.66940345 3.85844498 50.02325581 5.68707358 0.66743601
0.67371371 22.44177952 33.28028264 3.81436115 49.44376333 5.62190138 0.65989513
0.67460460 22.18207027 32.89420008 3.77061192 48.86882151 5.55722755 0.65240991
0.67549550 21.92438355 32.51114224 3.72719594 48.29840967 5.49305003 0.64498014
0.67638639 21.66871053 32.13109564 3.68411187 47.73250721 5.42936677 0.63760563
0.67727728 21.41504243 31.75404683 3.64135837 47.17109362 5.36617571 0.63028618
0.67816817 21.16337046 31.37998243 3.59893412 46.61414846 5.30347483 0.62302159
0.67905906 20.91368588 31.00888910 3.55683777 46.06165136 5.24126209 0.61581166
0.67994995 20.66597999 30.64075354 3.51506801 45.51358203 5.17953544 0.60865619
0.68084084 20.42024410 30.27556251 3.47362350 44.96992027 5.11829288 0.60155499
0.68173173 20.17646956 29.91330280 3.43250294 44.43064593 5.05753238 0.59450785
0.68262262 19.93464773 29.55396124 3.39170501 43.89573894 4.99725193 0.58751458
0.68351351 19.69477003 29.19752474 3.35122838 43.36517930 4.93744952 0.58057498
0.68440440 19.45682786 28.84398021 3.31107176 42.83894708 4.87812314 0.57368886
0.68529530 19.22081270 28.49331462 3.27123382 42.31702243 4.81927080 0.56685602
0.68618619 18.98671600 28.14551500 3.23171327 41.79938555 4.76089051 0.56007626
0.68707708 18.75452928 27.80056839 3.19250881 41.28601672 4.70298028 0.55334938
0.68796797 18.52424407 27.45846189 3.15361913 40.77689628 4.64553812 0.54667519
0.68885886 18.29585192 27.11918263 3.11504294 40.27200464 4.58856205 0.54005350
0.68974975 18.06934440 26.78271780 3.07677895 39.77132226 4.53205011 0.53348410
0.69064064 17.84471312 26.44905460 3.03882586 39.27482967 4.47600031 0.52696681
0.69153153 17.62194970 26.11818029 3.00118238 38.78250749 4.42041070 0.52050142
0.69242242 17.40104579 25.79008216 2.96384722 38.29433635 4.36527932 0.51408774
0.69331331 17.18199307 25.46474754 2.92681912 37.81029699 4.31060420 0.50772558
0.69420420 16.96478321 25.14216379 2.89009677 37.33037017 4.25638340 0.50141473
0.69509510 16.74940794 24.82231832 2.85367891 36.85453672 4.20261497 0.49515501
0.69598599 16.53585900 24.50519855 2.81756425 36.38277756 4.14929696 0.48894623
0.69687688 16.32412814 24.19079196 2.78175152 35.91507361 4.09642744 0.48278818
0.69776777 16.11420714 23.87908606 2.74623945 35.45140590 4.04400446 0.47668067
0.69865866 15.90608780 23.57006838 2.71102677 34.99175547 3.99202609 0.47062351
0.69954955 15.69976193 23.26372650 2.67611221 34.53610344 3.94049041 0.46461650
0.70044044 15.49522139 22.96004801 2.64149451 34.08443098 3.88939550 0.45865945
0.70133133 15.29245802 22.65902057 2.60717239 33.63671931 3.83873942 0.45275216
0.70222222 15.09146371 22.36063183 2.57314460 33.19294970 3.78852026 0.44689445
0.70311311 14.89223035 22.06486950 2.53940988 32.75310347 3.73873611 0.44108611
0.70400400 14.69474985 21.77172131 2.50596696 32.31716200 3.68938505 0.43532696
0.70489489 14.49901415 21.48117501 2.47281460 31.88510670 3.64046518 0.42961679
0.70578579 14.30501520 21.19321839 2.43995153 31.45691904 3.59197459 0.42395542
0.70667668 14.11274497 20.90783928 2.40737650 31.03258054 3.54391138 0.41834265
0.70756757 13.92219544 20.62502552 2.37508827 30.61207276 3.49627365 0.41277829
0.70845846 13.73335861 20.34476499 2.34308558 30.19537731 3.44905950 0.40726215
0.70934935 13.54622651 20.06704558 2.31136718 29.78247585 3.40226705 0.40179402
0.71024024 13.36079116 19.79185523 2.27993183 29.37335006 3.35589440 0.39637372
0.71113113 13.17704462 19.51918190 2.24877828 28.96798170 3.30993967 0.39100106
0.71202202 12.99497895 19.24901355 2.21790528 28.56635254 3.26440096 0.38567583
0.71291291 12.81458623 18.98133820 2.18731160 28.16844442 3.21927641 0.38039786
0.71380380 12.63585856 18.71614388 2.15699599 27.77423919 3.17456412 0.37516693
0.71469469 12.45878805 18.45341865 2.12695721 27.38371876 3.13026223 0.36998287
0.71558559 12.28336683 18.19315058 2.09719403 26.99686508 3.08636885 0.36484547
0.71647648 12.10958702 17.93532779 2.06770520 26.61366014 3.04288212 0.35975454
0.71736737 11.93744079 17.67993838 2.03848950 26.23408596 2.99980016 0.35470990
0.71825826 11.76692030 17.42697053 2.00954568 25.85812460 2.95712111 0.34971134
0.71914915 11.59801773 17.17641238 1.98087250 25.48575816 2.91484310 0.34475867
0.72004004 11.43072526 16.92825214 1.95246875 25.11696876 2.87296427 0.33985170
0.72093093 11.26503510 16.68247802 1.92433319 24.75173859 2.83148276 0.33499023
0.72182182 11.10093948 16.43907826 1.89646458 24.39004984 2.79039671 0.33017408
0.72271271 10.93843060 16.19804110 1.86886169 24.03188476 2.74970426 0.32540304
0.72360360 10.77750072 15.95935483 1.84152330 23.67722560 2.70940355 0.32067693
0.72449449 10.61814209 15.72300774 1.81444817 23.32605467 2.66949273 0.31599555
0.72538539 10.46034695 15.48898813 1.78763509 22.97835432 2.62996995 0.31135870
0.72627628 10.30410760 15.25728434 1.76108282 22.63410690 2.59083336 0.30676619
0.72716717 10.14941631 15.02788472 1.73479013 22.29329481 2.55208111 0.30221783
0.72805806 9.99626536 14.80077764 1.70875581 21.95590047 2.51371135 0.29771343
0.72894895 9.84464708 14.57595147 1.68297862 21.62190635 2.47572223 0.29325278
0.72983984 9.69455376 14.35339463 1.65745735 21.29129493 2.43811192 0.28883570
0.73073073 9.54597773 14.13309552 1.63219076 20.96404871 2.40087856 0.28446198
0.73162162 9.39891132 13.91504259 1.60717765 20.64015023 2.36402032 0.28013145
0.73251251 9.25334686 13.69922427 1.58241677 20.31958207 2.32753535 0.27584389
0.73340340 9.10927672 13.48562903 1.55790692 20.00232681 2.29142182 0.27159912
0.73429429 8.96669324 13.27424536 1.53364687 19.68836707 2.25567788 0.26739694
0.73518519 8.82558879 13.06506173 1.50963539 19.37768549 2.22030171 0.26323716
0.73607608 8.68595574 12.85806667 1.48587128 19.07026473 2.18529146 0.25911958
0.73696697 8.54778647 12.65324869 1.46235330 18.76608749 2.15064529 0.25504400
0.73785786 8.41107337 12.45059633 1.43908024 18.46513648 2.11636138 0.25101024
0.73874875 8.27580883 12.25009812 1.41605088 18.16739442 2.08243789 0.24701808
0.73963964 8.14198526 12.05174264 1.39326400 17.87284409 2.04887298 0.24306735
0.74053053 8.00959506 11.85551844 1.37071838 17.58146824 2.01566483 0.23915784
0.74142142 7.87863064 11.66141412 1.34841279 17.29324969 1.98281160 0.23528935
0.74231231 7.74908444 11.46941826 1.32634603 17.00817124 1.95031146 0.23146170
0.74320320 7.62094886 11.27951947 1.30451687 16.72621573 1.91816259 0.22767468
0.74409409 7.49421635 11.09170637 1.28292409 16.44736603 1.88636315 0.22392810
0.74498498 7.36887934 10.90596758 1.26156647 16.17160499 1.85491131 0.22022176
0.74587588 7.24493027 10.72229174 1.24044280 15.89891553 1.82380524 0.21655546
0.74676677 7.12236160 10.54066748 1.21955185 15.62928053 1.79304312 0.21292901
0.74765766 7.00116577 10.36108348 1.19889241 15.36268293 1.76262311 0.20934221
0.74854855 6.88133524 10.18352837 1.17846326 15.09910567 1.73254340 0.20579486
0.74943944 6.76286246 10.00799085 1.15826317 14.83853170 1.70280214 0.20228676
0.75033033 6.64573992 9.83445958 1.13829093 14.58094399 1.67339752 0.19881772
0.75122122 6.52996007 9.66292326 1.11854532 14.32632554 1.64432771 0.19538754
0.75211211 6.41551538 9.49337057 1.09902512 14.07465934 1.61559087 0.19199601
0.75300300 6.30239833 9.32579022 1.07972910 13.82592840 1.58718519 0.18864295
0.75389389 6.19060141 9.16017092 1.06065606 13.58011575 1.55910883 0.18532815
0.75478478 6.08011709 8.99650138 1.04180475 13.33720442 1.53135997 0.18205142
0.75567568 5.97093785 8.83477031 1.02317398 13.09717747 1.50393677 0.17881254
0.75656657 5.86305619 8.67496646 1.00476250 12.86001796 1.47683742 0.17561134
0.75745746 5.75646458 8.51707854 0.98656911 12.62570895 1.45006008 0.17244759
0.75834835 5.65115554 8.36109529 0.96859258 12.39423354 1.42360292 0.16932112
0.75923924 5.54712153 8.20700545 0.95083168 12.16557481 1.39746413 0.16623170
0.76013013 5.44435507 8.05479778 0.93328520 11.93971586 1.37164186 0.16317915
0.76102102 5.34284865 7.90446101 0.91595190 11.71663981 1.34613428 0.16016327
0.76191191 5.24259476 7.75598391 0.89883057 11.49632976 1.32093958 0.15718385
0.76280280 5.14358591 7.60935522 0.88191997 11.27876885 1.29605591 0.15424069
0.76369369 5.04581459 7.46456371 0.86521889 11.06394022 1.27148145 0.15133358
0.76458458 4.94927330 7.32159815 0.84872610 10.85182699 1.24721437 0.14846234
0.76547548 4.85395455 7.18044729 0.83244036 10.64241232 1.22325283 0.14562675
0.76636637 4.75985084 7.04109990 0.81636046 10.43567936 1.19959500 0.14282662
0.76725726 4.66695466 6.90354476 0.80048516 10.23161127 1.17623905 0.14006174
0.76814815 4.57525852 6.76777063 0.78481323 10.03019120 1.15318315 0.13733191
0.76903904 4.48475492 6.63376629 0.76934345 9.83140234 1.13042545 0.13463692
0.76992993 4.39543636 6.50152051 0.75407458 9.63522784 1.10796413 0.13197657
0.77082082 4.30729534 6.37102207 0.73900539 9.44165089 1.08579734 0.12935066
0.77171171 4.22032436 6.24225974 0.72413465 9.25065467 1.06392325 0.12675899
0.77260260 4.13451592 6.11522229 0.70946113 9.06222235 1.04234002 0.12420134
0.77349349 4.04986250 5.98989850 0.69498358 8.87633712 1.02104582 0.12167752
0.77438438 3.96635662 5.86627715 0.68070078 8.69298216 1.00003879 0.11918732
0.77527528 3.88399076 5.74434701 0.66661150 8.51214066 0.97931710 0.11673054
0.77616617 3.80275741 5.62409686 0.65271448 8.33379582 0.95887891 0.11430696
0.77705706 3.72264907 5.50551546 0.63900850 8.15793081 0.93872237 0.11191639
0.77794795 3.64365822 5.38859158 0.62549231 7.98452883 0.91884564 0.10955861
0.77883884 3.56577735 5.27331400 0.61216467 7.81357307 0.89924687 0.10723343
0.77972973 3.48899894 5.15967149 0.59902435 7.64504671 0.87992421 0.10494063
0.78062062 3.41331548 5.04765280 0.58607010 7.47893295 0.86087582 0.10268000
0.78151151 3.33871943 4.93724670 0.57330067 7.31521496 0.84209984 0.10045135
0.78240240 3.26520328 4.82844195 0.56071483 7.15387594 0.82359442 0.09825445
0.78329329 3.19275951 4.72122730 0.54831132 6.99489906 0.80535771 0.09608911
0.78418418 3.12138056 4.61559152 0.53608890 6.83826751 0.78738786 0.09395511
0.78507508 3.05105893 4.51152334 0.52404632 6.68396445 0.76968301 0.09185224
0.78596597 2.98178705 4.40901152 0.51218233 6.53197307 0.75224129 0.08978030
0.78685686 2.91355740 4.30804480 0.50049568 6.38227653 0.73506086 0.08773908
0.78774775 2.84636243 4.20861191 0.48898512 6.23485800 0.71813985 0.08572836
0.78863864 2.78019458 4.11070159 0.47764938 6.08970064 0.70147641 0.08374794
0.78952953 2.71504631 4.01430257 0.46648723 5.94678760 0.68506865 0.08179761
0.79042042 2.65091005 3.91940357 0.45549740 5.80610203 0.66891473 0.07987715
0.79131131 2.58777824 3.82599330 0.44467863 5.66762708 0.65301276 0.07798635
0.79220220 2.52564332 3.73406049 0.43402966 5.53134589 0.63736089 0.07612500
0.79309309 2.46449770 3.64359384 0.42354924 5.39724158 0.62195724 0.07429288
0.79398398 2.40433382 3.55458205 0.41323610 5.26529729 0.60679994 0.07248980
0.79487487 2.34514409 3.46701381 0.40308898 5.13549613 0.59188712 0.07071553
0.79576577 2.28692093 3.38087781 0.39310662 5.00782122 0.57721689 0.06896985
0.79665666 2.22965673 3.29616274 0.38328773 4.88225565 0.56278737 0.06725256
0.79754755 2.17334390 3.21285727 0.37363107 4.75878252 0.54859670 0.06556344
0.79843844 2.11797484 3.13095007 0.36413536 4.63738491 0.53464298 0.06390228
0.79932933 2.06354193 3.05042979 0.35479932 4.51804591 0.52092433 0.06226886
0.80022022 2.01003756 2.97128510 0.34562169 4.40074858 0.50743886 0.06066297
0.80111111 1.95745411 2.89350463 0.33660119 4.28547598 0.49418469 0.05908438
0.80200200 1.90578394 2.81707703 0.32773654 4.17221116 0.48115992 0.05753289
0.80289289 1.85501942 2.74199092 0.31902647 4.06093716 0.46836266 0.05600828
0.80378378 1.80515291 2.66823492 0.31046969 3.95163700 0.45579102 0.05451033
0.80467467 1.75617676 2.59579765 0.30206493 3.84429371 0.44344309 0.05303882
0.80556557 1.70808331 2.52466771 0.29381090 3.73889028 0.43131697 0.05159354
0.80645646 1.66086490 2.45483369 0.28570632 3.63540971 0.41941078 0.05017426
0.80734735 1.61451386 2.38628418 0.27774990 3.53383498 0.40772259 0.04878077
0.80823824 1.56902251 2.31900775 0.26994036 3.43414907 0.39625050 0.04741285
0.80912913 1.52438317 2.25299297 0.26227639 3.33633493 0.38499261 0.04607028
0.81002002 1.48058815 2.18822839 0.25475672 3.24037550 0.37394700 0.04475284
0.81091091 1.43762974 2.12470256 0.24738004 3.14625372 0.36311175 0.04346031
0.81180180 1.39550024 2.06240402 0.24014507 3.05395250 0.35248496 0.04219246
0.81269269 1.35419193 2.00132129 0.23305050 2.96345476 0.34206470 0.04094909
0.81358358 1.31369709 1.94144288 0.22609503 2.87474337 0.33184905 0.03972995
0.81447447 1.27400799 1.88275730 0.21927737 2.78780121 0.32183608 0.03853484
0.81536537 1.23511688 1.82525304 0.21259621 2.70261115 0.31202387 0.03736353
0.81625626 1.19701602 1.76891858 0.20605024 2.61915603 0.30241048 0.03621580
0.81714715 1.15969765 1.71374239 0.19963816 2.53741869 0.29299400 0.03509142
0.81803804 1.12315401 1.65971292 0.19335865 2.45738193 0.28377247 0.03399017
0.81892893 1.08737731 1.60681863 0.18721042 2.37902856 0.27474397 0.03291182
0.81981982 1.05235978 1.55504795 0.18119213 2.30234135 0.26590655 0.03185616
0.82071071 1.01809363 1.50438930 0.17530249 2.22730309 0.25725827 0.03082295
0.82160160 0.98457104 1.45483108 0.16954017 2.15389651 0.24879719 0.02981196
0.82249249 0.95178421 1.40636170 0.16390385 2.08210434 0.24052135 0.02882298
0.82338338 0.91972533 1.35896954 0.15839221 2.01190932 0.23242880 0.02785578
0.82427427 0.88838655 1.31264296 0.15300393 1.94329413 0.22451760 0.02691012
0.82516517 0.85776004 1.26737034 0.14773768 1.87624145 0.21678577 0.02598578
0.82605606 0.82783795 1.22314000 0.14259213 1.81073394 0.20923137 0.02508254
0.82694695 0.79861242 1.17994029 0.13756595 1.74675426 0.20185242 0.02420016
0.82783784 0.77007557 1.13775952 0.13265782 1.68428501 0.19464697 0.02333841
0.82872873 0.74221954 1.09658599 0.12786639 1.62330882 0.18761304 0.02249707
0.82961962 0.71503643 1.05640799 0.12319033 1.56380827 0.18074866 0.02167590
0.83051051 0.68851834 1.01721381 0.11862830 1.50576592 0.17405185 0.02087467
0.83140140 0.66265736 0.97899169 0.11417896 1.44916432 0.16752064 0.02009316
0.83229229 0.63744557 0.94172988 0.10984097 1.39398600 0.16115305 0.01933113
0.83318318 0.61287504 0.90541662 0.10561298 1.34021347 0.15494708 0.01858835
0.83407407 0.58893782 0.87004013 0.10149364 1.28782921 0.14890076 0.01786458
0.83496496 0.56562596 0.83558859 0.09748160 1.23681570 0.14301209 0.01715959
0.83585586 0.54293149 0.80205021 0.09357552 1.18715537 0.13727908 0.01647316
0.83674675 0.52084645 0.76941316 0.08977402 1.13883064 0.13169973 0.01580504
0.83763764 0.49936284 0.73766558 0.08607577 1.09182393 0.12627204 0.01515500
0.83852853 0.47847266 0.70679561 0.08247939 1.04611762 0.12099401 0.01452280
0.83941942 0.45816791 0.67679139 0.07898353 1.00169405 0.11586362 0.01390821
0.84031031 0.43844057 0.64764102 0.07558682 0.95853557 0.11087887 0.01331100
0.84120120 0.41928260 0.61933259 0.07228789 0.91662449 0.10603774 0.01273092
0.84209209 0.40068595 0.59185418 0.06908538 0.87594310 0.10133823 0.01216775
0.84298298 0.38264258 0.56519384 0.06597791 0.83647368 0.09677829 0.01162123
0.84387387 0.36514441 0.53933963 0.06296411 0.79819845 0.09235592 0.01109114
0.84476476 0.34818337 0.51427955 0.06004261 0.76109966 0.08806909 0.01057723
0.84565566 0.33175136 0.49000163 0.05721201 0.72515949 0.08391576 0.01007926
0.84654655 0.31584027 0.46649386 0.05447095 0.69036011 0.07989389 0.00959700
0.84743744 0.30044200 0.44374420 0.05181804 0.65668369 0.07600146 0.00913021
0.84832833 0.28554840 0.42174062 0.04925188 0.62411233 0.07223642 0.00867864
0.84921922 0.27115135 0.40047106 0.04677110 0.59262815 0.06859672 0.00824205
0.85011011 0.25724268 0.37992343 0.04437429 0.56221323 0.06508033 0.00782020
0.85100100 0.24381423 0.36008565 0.04206007 0.53284960 0.06168517 0.00741285
0.85189189 0.23085782 0.34094559 0.03982704 0.50451930 0.05840920 0.00701975
0.85278278 0.21836525 0.32249113 0.03767380 0.47720432 0.05525037 0.00664066
0.85367367 0.20632833 0.30471012 0.03559894 0.45088664 0.05220660 0.00627534
0.85456456 0.19473883 0.28759038 0.03360106 0.42554822 0.04927582 0.00592355
0.85545546 0.18358852 0.27111973 0.03167876 0.40117097 0.04645598 0.00558502
0.85634635 0.17286915 0.25528596 0.02983062 0.37773678 0.04374499 0.00525953
0.85723724 0.16257247 0.24007685 0.02805523 0.35522753 0.04114078 0.00494683
0.85812813 0.15269021 0.22548016 0.02635117 0.33362506 0.03864127 0.00464666
0.85901902 0.14321408 0.21148363 0.02471703 0.31291119 0.03624436 0.00435878
0.85990991 0.13413578 0.19807496 0.02315139 0.29306771 0.03394798 0.00408295
0.86080080 0.12544700 0.18524186 0.02165282 0.27407636 0.03175003 0.00381891
0.86169169 0.11713941 0.17297201 0.02021990 0.25591890 0.02964840 0.00356641
0.86258258 0.10920467 0.16125307 0.01885119 0.23857702 0.02764101 0.00332520
0.86347347 0.10163443 0.15007268 0.01754526 0.22203241 0.02572574 0.00309504
0.86436436 0.09442033 0.13941845 0.01630069 0.20626671 0.02390049 0.00287568
0.86525526 0.08755397 0.12927800 0.01511603 0.19126154 0.02216315 0.00266685
0.86614615 0.08102696 0.11963889 0.01398984 0.17699850 0.02051159 0.00246832
0.86703704 0.07483090 0.11048870 0.01292068 0.16345914 0.01894371 0.00227982
0.86792793 0.06895735 0.10181495 0.01190711 0.15062502 0.01745736 0.00210111
0.86881882 0.06339788 0.09360516 0.01094767 0.13847762 0.01605044 0.00193193
0.86970971 0.05814403 0.08584684 0.01004091 0.12699843 0.01472080 0.00177202
0.87060060 0.05318734 0.07852747 0.00918538 0.11616890 0.01346631 0.00162114
0.87149149 0.04851932 0.07163449 0.00837962 0.10597043 0.01228482 0.00147902
0.87238238 0.04413147 0.06515534 0.00762218 0.09638443 0.01117420 0.00134541
0.87327327 0.04001528 0.05907745 0.00691158 0.08739224 0.01013229 0.00122006
0.87416416 0.03616223 0.05338819 0.00624636 0.07897519 0.00915695 0.00110270
0.87505506 0.03256376 0.04807495 0.00562506 0.07111458 0.00824601 0.00099308
0.87594595 0.02921133 0.04312507 0.00504620 0.06379168 0.00739732 0.00089094
0.87683684 0.02609636 0.03852589 0.00450831 0.05698771 0.00660871 0.00079602
0.87772773 0.02321026 0.03426470 0.00400991 0.05068388 0.00587801 0.00070806
0.87861862 0.02054442 0.03032880 0.00354951 0.04486138 0.00520305 0.00062680
0.87950951 0.01809023 0.02670545 0.00312564 0.03950132 0.00458165 0.00055198
0.88040040 0.01583906 0.02338188 0.00273681 0.03458483 0.00401163 0.00048334
0.88129129 0.01378226 0.02034533 0.00238153 0.03009299 0.00349080 0.00042062
0.88218218 0.01191115 0.01758297 0.00205830 0.02600684 0.00301697 0.00036356
0.88307307 0.01021706 0.01508200 0.00176564 0.02230739 0.00258796 0.00031188
0.88396396 0.00869129 0.01282956 0.00150203 0.01897562 0.00220155 0.00026533
0.88485485 0.00732513 0.01081278 0.00126599 0.01599249 0.00185555 0.00022365
0.88574575 0.00610985 0.00901877 0.00105601 0.01333891 0.00154775 0.00018657
0.88663664 0.00503671 0.00743460 0.00087057 0.01099577 0.00127594 0.00015381
0.88752753 0.00409694 0.00604735 0.00070817 0.00894392 0.00103790 0.00012513
0.88841842 0.00328178 0.00484405 0.00056729 0.00716416 0.00083142 0.00010024
0.88930931 0.00258241 0.00381171 0.00044642 0.00563730 0.00065426 0.00007889
0.89020020 0.00199005 0.00293732 0.00034403 0.00434408 0.00050420 0.00006080
0.89109109 0.00149585 0.00220786 0.00025861 0.00326522 0.00037900 0.00004570
0.89198198 0.00109099 0.00161027 0.00018862 0.00238140 0.00027643 0.00003334
0.89287287 0.00076660 0.00113146 0.00013254 0.00167328 0.00019424 0.00002343
0.89376376 0.00051380 0.00075834 0.00008884 0.00112147 0.00013019 0.00001570
0.89465465 0.00032371 0.00047777 0.00005597 0.00070654 0.00008203 0.00000989
0.89554555 0.00018742 0.00027661 0.00003241 0.00040906 0.00004749 0.00000573
0.89643644 0.00009601 0.00014169 0.00001660 0.00020953 0.00002433 0.00000294
0.89732733 0.00004052 0.00005980 0.00000701 0.00008844 0.00001027 0.00000124
0.89821822 0.00001201 0.00001773 0.00000208 0.00002622 0.00000304 0.00000037
0.89910911 0.00000150 0.00000222 0.00000026 0.00000328 0.00000038 0.00000005
0.90000000 0.00000000 0.00000000 0.00000000 0.00000000 0.00000000 0.00000000
